28.900 36.4
-165.370 64.6
>
28.900 36.4
-143.280 60.1
>
28.900 36.4
-144.610 61.0
>
28.900 36.4
-150.990 64.1
>
28.900 36.4
-151.150 60.8
>
28.900 36.4
-152.080 63.4
>
28.900 36.4
-152.320 63.9
>
28.900 36.4
-150.200 67.2
>
28.900 36.4
-143.090 60.8
>
28.900 36.4
-141.340 61.0
>
28.900 36.4
-150.260 62.4
>
28.900 36.4
-147.380 63.1
>
28.900 36.4
-145.750 60.5
>
28.900 36.4
-171.700 63.8
>
28.900 36.4
-156.880 64.8
>
28.900 36.4
-147.100 60.9
>
28.900 36.4
-146.950 64.4
>
28.900 36.4
-145.920 61.5
>
28.900 36.4
-148.460 61.4
>
28.900 36.4
-143.020 61.4
>
28.900 36.4
-148.940 63.7
>
28.900 36.4
-141.950 60.2
>
28.900 36.4
-150.740 65.0
>
28.900 36.4
-149.070 64.6
>
28.900 36.4
-145.470 63.0
>
28.900 36.4
-140.250 60.1
>
28.900 36.4
-145.520 65.5
>
28.900 36.4
-152.190 62.9
>
28.900 36.4
-148.330 60.9
>
28.900 36.4
-149.740 61.1
>
28.900 36.4
-162.910 68.0
>
28.900 36.4
-144.850 63.7
>
28.900 36.4
-148.330 61.8
>
28.900 36.4
-147.330 61.8
>
28.900 36.4
-143.990 64.0
>
28.900 36.4
-151.530 62.0
>
28.900 36.4
-150.750 61.5
>
28.900 36.4
-149.450 60.1
>
28.900 36.4
-167.930 65.6
>
28.900 36.4
-150.290 63.5
>
28.900 36.4
-148.550 62.8
>
28.900 36.4
-147.740 62.6
>
28.900 36.4
-149.130 61.6
>
28.900 36.4
-156.010 62.9
>
28.900 36.4
-152.210 61.2
>
28.900 36.4
-140.860 62.4
>
28.900 36.4
-139.390 64.1
>
28.900 36.4
-137.500 60.8
>
28.900 36.4
-133.530 68.3
>
28.900 36.4
-134.880 60.7
>
28.900 36.4
-140.460 61.8
>
28.900 36.4
-138.550 61.4
>
28.900 36.4
-138.360 60.9
>
28.900 36.4
-139.760 61.3
>
28.900 36.4
-147.860 64.9
>
28.900 36.4
-133.350 62.2
>
28.900 36.4
-123.480 60.2
>
28.900 36.4
-135.890 63.6
>
28.900 36.4
-131.260 62.6
>
28.900 36.4
-128.270 61.5
>
28.900 36.4
-123.460 63.2
>
28.900 36.4
-128.800 60.1
>
28.900 36.4
-161.070 70.2
>
28.900 36.4
-156.620 71.3
>
28.900 36.4
-154.970 71.0
>
28.900 36.4
-125.250 72.0
>
28.900 36.4
-161.800 69.4
>
28.900 36.4
-157.160 70.0
>
28.900 36.4
-154.610 69.6
>
28.900 36.4
-153.420 70.3
>
28.900 36.4
-165.340 68.3
>
28.900 36.4
-163.180 68.5
>
28.900 36.4
-161.190 68.7
>
28.900 36.4
-159.590 69.1
>
28.900 36.4
-154.780 69.2
>
28.900 36.4
-150.610 69.8
>
28.900 36.4
-148.700 69.7
>
28.900 36.4
-144.910 69.9
>
28.900 36.4
-143.710 69.6
>
28.900 36.4
-124.070 69.3
>
28.900 36.4
-163.080 67.7
>
28.900 36.4
-158.120 68.5
>
28.900 36.4
-156.610 68.7
>
28.900 36.4
-152.680 68.9
>
28.900 36.4
-150.680 69.0
>
28.900 36.4
-148.820 69.2
>
28.900 36.4
-146.380 69.3
>
28.900 36.4
-140.960 69.2
>
28.900 36.4
-138.740 69.3
>
28.900 36.4
-161.830 67.1
>
28.900 36.4
-160.600 67.4
>
28.900 36.4
-157.230 67.5
>
28.900 36.4
-156.190 68.3
>
28.900 36.4
-153.970 68.4
>
28.900 36.4
-151.810 68.1
>
28.900 36.4
-149.620 68.1
>
28.900 36.4
-148.490 68.1
>
28.900 36.4
-145.570 68.1
>
28.900 36.4
-141.600 68.2
>
28.900 36.4
-139.530 68.6
>
28.900 36.4
-137.900 68.4
>
28.900 36.4
-136.720 66.4
>
28.900 36.4
-166.330 65.5
>
28.900 36.4
-164.650 65.7
>
28.900 36.4
-161.250 66.4
>
28.900 36.4
-159.650 66.6
>
28.900 36.4
-157.770 66.8
>
28.900 36.4
-155.730 67.0
>
28.900 36.4
-153.480 67.2
>
28.900 36.4
-152.180 67.5
>
28.900 36.4
-147.890 67.5
>
28.900 36.4
-145.640 67.6
>
28.900 36.4
-144.150 67.7
>
28.900 36.4
-139.870 67.6
>
28.900 36.4
-135.790 67.6
>
28.900 36.4
-133.740 67.4
>
28.900 36.4
-164.040 65.0
>
28.900 36.4
-162.350 65.4
>
28.900 36.4
-160.650 65.5
>
28.900 36.4
-158.650 65.9
>
28.900 36.4
-157.090 66.1
>
28.900 36.4
-153.510 66.5
>
28.900 36.4
-151.510 66.9
>
28.900 36.4
-150.020 66.7
>
28.900 36.4
-147.480 66.7
>
28.900 36.4
-146.100 66.8
>
28.900 36.4
-143.780 67.0
>
28.900 36.4
-141.650 66.8
>
28.900 36.4
-138.020 66.9
>
28.900 36.4
-136.220 67.0
>
28.900 36.4
-134.270 66.9
>
28.900 36.4
-162.240 64.6
>
28.900 36.4
-159.910 64.9
>
28.900 36.4
-158.360 65.2
>
28.900 36.4
-156.450 65.5
>
28.900 36.4
-154.880 65.5
>
28.900 36.4
-152.810 65.7
>
28.900 36.4
-151.380 65.9
>
28.900 36.4
-149.540 65.8
>
28.900 36.4
-147.880 65.8
>
28.900 36.4
-145.820 66.3
>
28.900 36.4
-141.530 66.2
>
28.900 36.4
-138.370 66.2
>
28.900 36.4
-134.340 65.8
>
28.900 36.4
-145.160 62.4
>
28.900 36.4
-160.690 63.9
>
28.900 36.4
-154.480 64.8
>
28.900 36.4
-151.980 65.2
>
28.900 36.4
-149.360 65.2
>
28.900 36.4
-143.150 65.3
>
28.900 36.4
-141.620 65.6
>
28.900 36.4
-139.940 65.5
>
28.900 36.4
-138.310 65.4
>
28.900 36.4
-136.380 65.2
>
28.900 36.4
-163.550 62.8
>
28.900 36.4
-160.600 63.3
>
28.900 36.4
-159.080 63.4
>
28.900 36.4
-156.720 63.5
>
28.900 36.4
-155.620 64.0
>
28.900 36.4
-154.150 64.2
>
28.900 36.4
-145.370 64.6
>
28.900 36.4
-143.560 64.5
>
28.900 36.4
-138.220 64.5
>
28.900 36.4
-136.330 64.6
>
28.900 36.4
-164.660 61.9
>
28.900 36.4
-161.530 62.3
>
28.900 36.4
-158.300 62.7
>
28.900 36.4
-154.070 63.4
>
28.900 36.4
-145.780 63.8
>
28.900 36.4
-142.080 64.0
>
28.900 36.4
-137.520 63.8
>
28.900 36.4
-162.680 61.3
>
28.900 36.4
-161.490 61.7
>
28.900 36.4
-159.470 61.7
>
28.900 36.4
-158.300 62.1
>
28.900 36.4
-156.690 62.2
>
28.900 36.4
-154.850 62.2
>
28.900 36.4
-153.880 62.5
>
28.900 36.4
-143.350 63.0
>
28.900 36.4
-141.830 63.1
>
28.900 36.4
-138.130 63.1
>
28.900 36.4
-166.200 60.4
>
28.900 36.4
-163.350 60.4
>
28.900 36.4
-161.960 60.8
>
28.900 36.4
-160.690 60.7
>
28.900 36.4
-158.960 61.0
>
28.900 36.4
-157.440 61.4
>
28.900 36.4
-155.820 61.5
>
28.900 36.4
-154.390 61.9
>
28.900 36.4
-153.130 61.9
>
28.900 36.4
-150.120 61.8
>
28.900 36.4
-147.730 61.8
>
28.900 36.4
-146.180 62.1
>
28.900 36.4
-143.000 62.4
>
28.900 36.4
-141.880 62.4
>
28.900 36.4
-138.460 62.4
>
28.900 36.4
-136.790 62.6
>
28.900 36.4
-134.390 62.2
>
28.900 36.4
-160.090 60.2
>
28.900 36.4
-158.770 60.5
>
28.900 36.4
-157.190 60.5
>
28.900 36.4
-155.890 60.7
>
28.900 36.4
-154.480 60.8
>
28.900 36.4
-152.210 61.2
>
28.900 36.4
-144.600 61.6
>
28.900 36.4
-137.090 61.5
>
28.900 36.4
-135.780 61.5
>
28.900 36.4
-133.080 61.1
>
28.900 36.4
-154.320 60.2
>
28.900 36.4
-152.620 60.1
>
28.900 36.4
-149.720 60.5
>
28.900 36.4
-140.190 60.8
>
28.900 36.4
-138.580 60.3
>
28.900 36.4
-136.090 60.8
>
28.900 36.4
-136.960 60.1
>
28.900 36.4
-132.820 60.2
>
28.900 36.4
-147.430 65.1
>
28.900 36.4
-147.860 64.9
>
28.900 36.4
-149.570 68.6
>
28.900 36.4
-141.160 64.8
>
28.900 36.4
-125.070 60.2
>
28.900 36.4
-124.050 60.1
>
62.000 28.0
-165.370 64.6
>
62.000 28.0
-143.280 60.1
>
62.000 28.0
-144.610 61.0
>
62.000 28.0
-150.990 64.1
>
62.000 28.0
-151.150 60.8
>
62.000 28.0
-152.080 63.4
>
62.000 28.0
-152.320 63.9
>
62.000 28.0
-150.200 67.2
>
62.000 28.0
-143.090 60.8
>
62.000 28.0
-141.340 61.0
>
62.000 28.0
-150.260 62.4
>
62.000 28.0
-147.380 63.1
>
62.000 28.0
-145.750 60.5
>
62.000 28.0
-171.700 63.8
>
62.000 28.0
-156.880 64.8
>
62.000 28.0
-147.100 60.9
>
62.000 28.0
-146.950 64.4
>
62.000 28.0
-145.920 61.5
>
62.000 28.0
-148.460 61.4
>
62.000 28.0
-143.020 61.4
>
62.000 28.0
-148.940 63.7
>
62.000 28.0
-141.950 60.2
>
62.000 28.0
-150.740 65.0
>
62.000 28.0
-149.070 64.6
>
62.000 28.0
-145.470 63.0
>
62.000 28.0
-140.250 60.1
>
62.000 28.0
-145.520 65.5
>
62.000 28.0
-152.190 62.9
>
62.000 28.0
-148.330 60.9
>
62.000 28.0
-149.740 61.1
>
62.000 28.0
-162.910 68.0
>
62.000 28.0
-144.850 63.7
>
62.000 28.0
-148.330 61.8
>
62.000 28.0
-147.330 61.8
>
62.000 28.0
-143.990 64.0
>
62.000 28.0
-151.530 62.0
>
62.000 28.0
-150.750 61.5
>
62.000 28.0
-149.450 60.1
>
62.000 28.0
-167.930 65.6
>
62.000 28.0
-150.290 63.5
>
62.000 28.0
-148.550 62.8
>
62.000 28.0
-147.740 62.6
>
62.000 28.0
-149.130 61.6
>
62.000 28.0
-156.010 62.9
>
62.000 28.0
-152.210 61.2
>
62.000 28.0
-140.860 62.4
>
62.000 28.0
-139.390 64.1
>
62.000 28.0
-137.500 60.8
>
62.000 28.0
-133.530 68.3
>
62.000 28.0
-134.880 60.7
>
62.000 28.0
-140.460 61.8
>
62.000 28.0
-138.550 61.4
>
62.000 28.0
-138.360 60.9
>
62.000 28.0
-139.760 61.3
>
62.000 28.0
-147.860 64.9
>
62.000 28.0
-133.350 62.2
>
62.000 28.0
-123.480 60.2
>
62.000 28.0
-135.890 63.6
>
62.000 28.0
-131.260 62.6
>
62.000 28.0
-128.270 61.5
>
62.000 28.0
-123.460 63.2
>
62.000 28.0
-128.800 60.1
>
62.000 28.0
-161.070 70.2
>
62.000 28.0
-156.620 71.3
>
62.000 28.0
-154.970 71.0
>
62.000 28.0
-125.250 72.0
>
62.000 28.0
-161.800 69.4
>
62.000 28.0
-157.160 70.0
>
62.000 28.0
-154.610 69.6
>
62.000 28.0
-153.420 70.3
>
62.000 28.0
-165.340 68.3
>
62.000 28.0
-163.180 68.5
>
62.000 28.0
-161.190 68.7
>
62.000 28.0
-159.590 69.1
>
62.000 28.0
-154.780 69.2
>
62.000 28.0
-150.610 69.8
>
62.000 28.0
-148.700 69.7
>
62.000 28.0
-144.910 69.9
>
62.000 28.0
-143.710 69.6
>
62.000 28.0
-124.070 69.3
>
62.000 28.0
-163.080 67.7
>
62.000 28.0
-158.120 68.5
>
62.000 28.0
-156.610 68.7
>
62.000 28.0
-152.680 68.9
>
62.000 28.0
-150.680 69.0
>
62.000 28.0
-148.820 69.2
>
62.000 28.0
-146.380 69.3
>
62.000 28.0
-140.960 69.2
>
62.000 28.0
-138.740 69.3
>
62.000 28.0
-161.830 67.1
>
62.000 28.0
-160.600 67.4
>
62.000 28.0
-157.230 67.5
>
62.000 28.0
-156.190 68.3
>
62.000 28.0
-153.970 68.4
>
62.000 28.0
-151.810 68.1
>
62.000 28.0
-149.620 68.1
>
62.000 28.0
-148.490 68.1
>
62.000 28.0
-145.570 68.1
>
62.000 28.0
-141.600 68.2
>
62.000 28.0
-139.530 68.6
>
62.000 28.0
-137.900 68.4
>
62.000 28.0
-136.720 66.4
>
62.000 28.0
-166.330 65.5
>
62.000 28.0
-164.650 65.7
>
62.000 28.0
-161.250 66.4
>
62.000 28.0
-159.650 66.6
>
62.000 28.0
-157.770 66.8
>
62.000 28.0
-155.730 67.0
>
62.000 28.0
-153.480 67.2
>
62.000 28.0
-152.180 67.5
>
62.000 28.0
-147.890 67.5
>
62.000 28.0
-145.640 67.6
>
62.000 28.0
-144.150 67.7
>
62.000 28.0
-139.870 67.6
>
62.000 28.0
-135.790 67.6
>
62.000 28.0
-133.740 67.4
>
62.000 28.0
-164.040 65.0
>
62.000 28.0
-162.350 65.4
>
62.000 28.0
-160.650 65.5
>
62.000 28.0
-158.650 65.9
>
62.000 28.0
-157.090 66.1
>
62.000 28.0
-153.510 66.5
>
62.000 28.0
-151.510 66.9
>
62.000 28.0
-150.020 66.7
>
62.000 28.0
-147.480 66.7
>
62.000 28.0
-146.100 66.8
>
62.000 28.0
-143.780 67.0
>
62.000 28.0
-141.650 66.8
>
62.000 28.0
-138.020 66.9
>
62.000 28.0
-136.220 67.0
>
62.000 28.0
-134.270 66.9
>
62.000 28.0
-162.240 64.6
>
62.000 28.0
-159.910 64.9
>
62.000 28.0
-158.360 65.2
>
62.000 28.0
-156.450 65.5
>
62.000 28.0
-154.880 65.5
>
62.000 28.0
-152.810 65.7
>
62.000 28.0
-151.380 65.9
>
62.000 28.0
-149.540 65.8
>
62.000 28.0
-147.880 65.8
>
62.000 28.0
-145.820 66.3
>
62.000 28.0
-141.530 66.2
>
62.000 28.0
-138.370 66.2
>
62.000 28.0
-134.340 65.8
>
62.000 28.0
-145.160 62.4
>
62.000 28.0
-160.690 63.9
>
62.000 28.0
-154.480 64.8
>
62.000 28.0
-151.980 65.2
>
62.000 28.0
-149.360 65.2
>
62.000 28.0
-143.150 65.3
>
62.000 28.0
-141.620 65.6
>
62.000 28.0
-139.940 65.5
>
62.000 28.0
-138.310 65.4
>
62.000 28.0
-136.380 65.2
>
62.000 28.0
-163.550 62.8
>
62.000 28.0
-160.600 63.3
>
62.000 28.0
-159.080 63.4
>
62.000 28.0
-156.720 63.5
>
62.000 28.0
-155.620 64.0
>
62.000 28.0
-154.150 64.2
>
62.000 28.0
-145.370 64.6
>
62.000 28.0
-143.560 64.5
>
62.000 28.0
-138.220 64.5
>
62.000 28.0
-136.330 64.6
>
62.000 28.0
-164.660 61.9
>
62.000 28.0
-161.530 62.3
>
62.000 28.0
-158.300 62.7
>
62.000 28.0
-154.070 63.4
>
62.000 28.0
-145.780 63.8
>
62.000 28.0
-142.080 64.0
>
62.000 28.0
-137.520 63.8
>
62.000 28.0
-162.680 61.3
>
62.000 28.0
-161.490 61.7
>
62.000 28.0
-159.470 61.7
>
62.000 28.0
-158.300 62.1
>
62.000 28.0
-156.690 62.2
>
62.000 28.0
-154.850 62.2
>
62.000 28.0
-153.880 62.5
>
62.000 28.0
-143.350 63.0
>
62.000 28.0
-141.830 63.1
>
62.000 28.0
-138.130 63.1
>
62.000 28.0
-166.200 60.4
>
62.000 28.0
-163.350 60.4
>
62.000 28.0
-161.960 60.8
>
62.000 28.0
-160.690 60.7
>
62.000 28.0
-158.960 61.0
>
62.000 28.0
-157.440 61.4
>
62.000 28.0
-155.820 61.5
>
62.000 28.0
-154.390 61.9
>
62.000 28.0
-153.130 61.9
>
62.000 28.0
-150.120 61.8
>
62.000 28.0
-147.730 61.8
>
62.000 28.0
-146.180 62.1
>
62.000 28.0
-143.000 62.4
>
62.000 28.0
-141.880 62.4
>
62.000 28.0
-138.460 62.4
>
62.000 28.0
-136.790 62.6
>
62.000 28.0
-134.390 62.2
>
62.000 28.0
-160.090 60.2
>
62.000 28.0
-158.770 60.5
>
62.000 28.0
-157.190 60.5
>
62.000 28.0
-155.890 60.7
>
62.000 28.0
-154.480 60.8
>
62.000 28.0
-152.210 61.2
>
62.000 28.0
-144.600 61.6
>
62.000 28.0
-137.090 61.5
>
62.000 28.0
-135.780 61.5
>
62.000 28.0
-133.080 61.1
>
62.000 28.0
-154.320 60.2
>
62.000 28.0
-152.620 60.1
>
62.000 28.0
-149.720 60.5
>
62.000 28.0
-140.190 60.8
>
62.000 28.0
-138.580 60.3
>
62.000 28.0
-136.090 60.8
>
62.000 28.0
-136.960 60.1
>
62.000 28.0
-132.820 60.2
>
62.000 28.0
-147.430 65.1
>
62.000 28.0
-147.860 64.9
>
62.000 28.0
-149.570 68.6
>
62.000 28.0
-141.160 64.8
>
62.000 28.0
-125.070 60.2
>
62.000 28.0
-124.050 60.1
>
23.200 35.5
-165.370 64.6
>
23.200 35.5
-143.280 60.1
>
23.200 35.5
-144.610 61.0
>
23.200 35.5
-150.990 64.1
>
23.200 35.5
-151.150 60.8
>
23.200 35.5
-152.080 63.4
>
23.200 35.5
-152.320 63.9
>
23.200 35.5
-150.200 67.2
>
23.200 35.5
-143.090 60.8
>
23.200 35.5
-141.340 61.0
>
23.200 35.5
-150.260 62.4
>
23.200 35.5
-147.380 63.1
>
23.200 35.5
-145.750 60.5
>
23.200 35.5
-171.700 63.8
>
23.200 35.5
-156.880 64.8
>
23.200 35.5
-147.100 60.9
>
23.200 35.5
-146.950 64.4
>
23.200 35.5
-145.920 61.5
>
23.200 35.5
-148.460 61.4
>
23.200 35.5
-143.020 61.4
>
23.200 35.5
-148.940 63.7
>
23.200 35.5
-141.950 60.2
>
23.200 35.5
-150.740 65.0
>
23.200 35.5
-149.070 64.6
>
23.200 35.5
-145.470 63.0
>
23.200 35.5
-140.250 60.1
>
23.200 35.5
-145.520 65.5
>
23.200 35.5
-152.190 62.9
>
23.200 35.5
-148.330 60.9
>
23.200 35.5
-149.740 61.1
>
23.200 35.5
-162.910 68.0
>
23.200 35.5
-144.850 63.7
>
23.200 35.5
-148.330 61.8
>
23.200 35.5
-147.330 61.8
>
23.200 35.5
-143.990 64.0
>
23.200 35.5
-151.530 62.0
>
23.200 35.5
-150.750 61.5
>
23.200 35.5
-149.450 60.1
>
23.200 35.5
-167.930 65.6
>
23.200 35.5
-150.290 63.5
>
23.200 35.5
-148.550 62.8
>
23.200 35.5
-147.740 62.6
>
23.200 35.5
-149.130 61.6
>
23.200 35.5
-156.010 62.9
>
23.200 35.5
-152.210 61.2
>
23.200 35.5
-140.860 62.4
>
23.200 35.5
-139.390 64.1
>
23.200 35.5
-137.500 60.8
>
23.200 35.5
-133.530 68.3
>
23.200 35.5
-134.880 60.7
>
23.200 35.5
-140.460 61.8
>
23.200 35.5
-138.550 61.4
>
23.200 35.5
-138.360 60.9
>
23.200 35.5
-139.760 61.3
>
23.200 35.5
-147.860 64.9
>
23.200 35.5
-133.350 62.2
>
23.200 35.5
-123.480 60.2
>
23.200 35.5
-135.890 63.6
>
23.200 35.5
-131.260 62.6
>
23.200 35.5
-128.270 61.5
>
23.200 35.5
-123.460 63.2
>
23.200 35.5
-128.800 60.1
>
23.200 35.5
-161.070 70.2
>
23.200 35.5
-156.620 71.3
>
23.200 35.5
-154.970 71.0
>
23.200 35.5
-125.250 72.0
>
23.200 35.5
-161.800 69.4
>
23.200 35.5
-157.160 70.0
>
23.200 35.5
-154.610 69.6
>
23.200 35.5
-153.420 70.3
>
23.200 35.5
-165.340 68.3
>
23.200 35.5
-163.180 68.5
>
23.200 35.5
-161.190 68.7
>
23.200 35.5
-159.590 69.1
>
23.200 35.5
-154.780 69.2
>
23.200 35.5
-150.610 69.8
>
23.200 35.5
-148.700 69.7
>
23.200 35.5
-144.910 69.9
>
23.200 35.5
-143.710 69.6
>
23.200 35.5
-124.070 69.3
>
23.200 35.5
-163.080 67.7
>
23.200 35.5
-158.120 68.5
>
23.200 35.5
-156.610 68.7
>
23.200 35.5
-152.680 68.9
>
23.200 35.5
-150.680 69.0
>
23.200 35.5
-148.820 69.2
>
23.200 35.5
-146.380 69.3
>
23.200 35.5
-140.960 69.2
>
23.200 35.5
-138.740 69.3
>
23.200 35.5
-161.830 67.1
>
23.200 35.5
-160.600 67.4
>
23.200 35.5
-157.230 67.5
>
23.200 35.5
-156.190 68.3
>
23.200 35.5
-153.970 68.4
>
23.200 35.5
-151.810 68.1
>
23.200 35.5
-149.620 68.1
>
23.200 35.5
-148.490 68.1
>
23.200 35.5
-145.570 68.1
>
23.200 35.5
-141.600 68.2
>
23.200 35.5
-139.530 68.6
>
23.200 35.5
-137.900 68.4
>
23.200 35.5
-136.720 66.4
>
23.200 35.5
-166.330 65.5
>
23.200 35.5
-164.650 65.7
>
23.200 35.5
-161.250 66.4
>
23.200 35.5
-159.650 66.6
>
23.200 35.5
-157.770 66.8
>
23.200 35.5
-155.730 67.0
>
23.200 35.5
-153.480 67.2
>
23.200 35.5
-152.180 67.5
>
23.200 35.5
-147.890 67.5
>
23.200 35.5
-145.640 67.6
>
23.200 35.5
-144.150 67.7
>
23.200 35.5
-139.870 67.6
>
23.200 35.5
-135.790 67.6
>
23.200 35.5
-133.740 67.4
>
23.200 35.5
-164.040 65.0
>
23.200 35.5
-162.350 65.4
>
23.200 35.5
-160.650 65.5
>
23.200 35.5
-158.650 65.9
>
23.200 35.5
-157.090 66.1
>
23.200 35.5
-153.510 66.5
>
23.200 35.5
-151.510 66.9
>
23.200 35.5
-150.020 66.7
>
23.200 35.5
-147.480 66.7
>
23.200 35.5
-146.100 66.8
>
23.200 35.5
-143.780 67.0
>
23.200 35.5
-141.650 66.8
>
23.200 35.5
-138.020 66.9
>
23.200 35.5
-136.220 67.0
>
23.200 35.5
-134.270 66.9
>
23.200 35.5
-162.240 64.6
>
23.200 35.5
-159.910 64.9
>
23.200 35.5
-158.360 65.2
>
23.200 35.5
-156.450 65.5
>
23.200 35.5
-154.880 65.5
>
23.200 35.5
-152.810 65.7
>
23.200 35.5
-151.380 65.9
>
23.200 35.5
-149.540 65.8
>
23.200 35.5
-147.880 65.8
>
23.200 35.5
-145.820 66.3
>
23.200 35.5
-141.530 66.2
>
23.200 35.5
-138.370 66.2
>
23.200 35.5
-134.340 65.8
>
23.200 35.5
-145.160 62.4
>
23.200 35.5
-160.690 63.9
>
23.200 35.5
-154.480 64.8
>
23.200 35.5
-151.980 65.2
>
23.200 35.5
-149.360 65.2
>
23.200 35.5
-143.150 65.3
>
23.200 35.5
-141.620 65.6
>
23.200 35.5
-139.940 65.5
>
23.200 35.5
-138.310 65.4
>
23.200 35.5
-136.380 65.2
>
23.200 35.5
-163.550 62.8
>
23.200 35.5
-160.600 63.3
>
23.200 35.5
-159.080 63.4
>
23.200 35.5
-156.720 63.5
>
23.200 35.5
-155.620 64.0
>
23.200 35.5
-154.150 64.2
>
23.200 35.5
-145.370 64.6
>
23.200 35.5
-143.560 64.5
>
23.200 35.5
-138.220 64.5
>
23.200 35.5
-136.330 64.6
>
23.200 35.5
-164.660 61.9
>
23.200 35.5
-161.530 62.3
>
23.200 35.5
-158.300 62.7
>
23.200 35.5
-154.070 63.4
>
23.200 35.5
-145.780 63.8
>
23.200 35.5
-142.080 64.0
>
23.200 35.5
-137.520 63.8
>
23.200 35.5
-162.680 61.3
>
23.200 35.5
-161.490 61.7
>
23.200 35.5
-159.470 61.7
>
23.200 35.5
-158.300 62.1
>
23.200 35.5
-156.690 62.2
>
23.200 35.5
-154.850 62.2
>
23.200 35.5
-153.880 62.5
>
23.200 35.5
-143.350 63.0
>
23.200 35.5
-141.830 63.1
>
23.200 35.5
-138.130 63.1
>
23.200 35.5
-166.200 60.4
>
23.200 35.5
-163.350 60.4
>
23.200 35.5
-161.960 60.8
>
23.200 35.5
-160.690 60.7
>
23.200 35.5
-158.960 61.0
>
23.200 35.5
-157.440 61.4
>
23.200 35.5
-155.820 61.5
>
23.200 35.5
-154.390 61.9
>
23.200 35.5
-153.130 61.9
>
23.200 35.5
-150.120 61.8
>
23.200 35.5
-147.730 61.8
>
23.200 35.5
-146.180 62.1
>
23.200 35.5
-143.000 62.4
>
23.200 35.5
-141.880 62.4
>
23.200 35.5
-138.460 62.4
>
23.200 35.5
-136.790 62.6
>
23.200 35.5
-134.390 62.2
>
23.200 35.5
-160.090 60.2
>
23.200 35.5
-158.770 60.5
>
23.200 35.5
-157.190 60.5
>
23.200 35.5
-155.890 60.7
>
23.200 35.5
-154.480 60.8
>
23.200 35.5
-152.210 61.2
>
23.200 35.5
-144.600 61.6
>
23.200 35.5
-137.090 61.5
>
23.200 35.5
-135.780 61.5
>
23.200 35.5
-133.080 61.1
>
23.200 35.5
-154.320 60.2
>
23.200 35.5
-152.620 60.1
>
23.200 35.5
-149.720 60.5
>
23.200 35.5
-140.190 60.8
>
23.200 35.5
-138.580 60.3
>
23.200 35.5
-136.090 60.8
>
23.200 35.5
-136.960 60.1
>
23.200 35.5
-132.820 60.2
>
23.200 35.5
-147.430 65.1
>
23.200 35.5
-147.860 64.9
>
23.200 35.5
-149.570 68.6
>
23.200 35.5
-141.160 64.8
>
23.200 35.5
-125.070 60.2
>
23.200 35.5
-124.050 60.1
>
26.800 35.1
-165.370 64.6
>
26.800 35.1
-143.280 60.1
>
26.800 35.1
-144.610 61.0
>
26.800 35.1
-150.990 64.1
>
26.800 35.1
-151.150 60.8
>
26.800 35.1
-152.080 63.4
>
26.800 35.1
-152.320 63.9
>
26.800 35.1
-150.200 67.2
>
26.800 35.1
-143.090 60.8
>
26.800 35.1
-141.340 61.0
>
26.800 35.1
-150.260 62.4
>
26.800 35.1
-147.380 63.1
>
26.800 35.1
-145.750 60.5
>
26.800 35.1
-171.700 63.8
>
26.800 35.1
-156.880 64.8
>
26.800 35.1
-147.100 60.9
>
26.800 35.1
-146.950 64.4
>
26.800 35.1
-145.920 61.5
>
26.800 35.1
-148.460 61.4
>
26.800 35.1
-143.020 61.4
>
26.800 35.1
-148.940 63.7
>
26.800 35.1
-141.950 60.2
>
26.800 35.1
-150.740 65.0
>
26.800 35.1
-149.070 64.6
>
26.800 35.1
-145.470 63.0
>
26.800 35.1
-140.250 60.1
>
26.800 35.1
-145.520 65.5
>
26.800 35.1
-152.190 62.9
>
26.800 35.1
-148.330 60.9
>
26.800 35.1
-149.740 61.1
>
26.800 35.1
-162.910 68.0
>
26.800 35.1
-144.850 63.7
>
26.800 35.1
-148.330 61.8
>
26.800 35.1
-147.330 61.8
>
26.800 35.1
-143.990 64.0
>
26.800 35.1
-151.530 62.0
>
26.800 35.1
-150.750 61.5
>
26.800 35.1
-149.450 60.1
>
26.800 35.1
-167.930 65.6
>
26.800 35.1
-150.290 63.5
>
26.800 35.1
-148.550 62.8
>
26.800 35.1
-147.740 62.6
>
26.800 35.1
-149.130 61.6
>
26.800 35.1
-156.010 62.9
>
26.800 35.1
-152.210 61.2
>
26.800 35.1
-140.860 62.4
>
26.800 35.1
-139.390 64.1
>
26.800 35.1
-137.500 60.8
>
26.800 35.1
-133.530 68.3
>
26.800 35.1
-134.880 60.7
>
26.800 35.1
-140.460 61.8
>
26.800 35.1
-138.550 61.4
>
26.800 35.1
-138.360 60.9
>
26.800 35.1
-139.760 61.3
>
26.800 35.1
-147.860 64.9
>
26.800 35.1
-133.350 62.2
>
26.800 35.1
-123.480 60.2
>
26.800 35.1
-135.890 63.6
>
26.800 35.1
-131.260 62.6
>
26.800 35.1
-128.270 61.5
>
26.800 35.1
-123.460 63.2
>
26.800 35.1
-128.800 60.1
>
26.800 35.1
-161.070 70.2
>
26.800 35.1
-156.620 71.3
>
26.800 35.1
-154.970 71.0
>
26.800 35.1
-125.250 72.0
>
26.800 35.1
-161.800 69.4
>
26.800 35.1
-157.160 70.0
>
26.800 35.1
-154.610 69.6
>
26.800 35.1
-153.420 70.3
>
26.800 35.1
-165.340 68.3
>
26.800 35.1
-163.180 68.5
>
26.800 35.1
-161.190 68.7
>
26.800 35.1
-159.590 69.1
>
26.800 35.1
-154.780 69.2
>
26.800 35.1
-150.610 69.8
>
26.800 35.1
-148.700 69.7
>
26.800 35.1
-144.910 69.9
>
26.800 35.1
-143.710 69.6
>
26.800 35.1
-124.070 69.3
>
26.800 35.1
-163.080 67.7
>
26.800 35.1
-158.120 68.5
>
26.800 35.1
-156.610 68.7
>
26.800 35.1
-152.680 68.9
>
26.800 35.1
-150.680 69.0
>
26.800 35.1
-148.820 69.2
>
26.800 35.1
-146.380 69.3
>
26.800 35.1
-140.960 69.2
>
26.800 35.1
-138.740 69.3
>
26.800 35.1
-161.830 67.1
>
26.800 35.1
-160.600 67.4
>
26.800 35.1
-157.230 67.5
>
26.800 35.1
-156.190 68.3
>
26.800 35.1
-153.970 68.4
>
26.800 35.1
-151.810 68.1
>
26.800 35.1
-149.620 68.1
>
26.800 35.1
-148.490 68.1
>
26.800 35.1
-145.570 68.1
>
26.800 35.1
-141.600 68.2
>
26.800 35.1
-139.530 68.6
>
26.800 35.1
-137.900 68.4
>
26.800 35.1
-136.720 66.4
>
26.800 35.1
-166.330 65.5
>
26.800 35.1
-164.650 65.7
>
26.800 35.1
-161.250 66.4
>
26.800 35.1
-159.650 66.6
>
26.800 35.1
-157.770 66.8
>
26.800 35.1
-155.730 67.0
>
26.800 35.1
-153.480 67.2
>
26.800 35.1
-152.180 67.5
>
26.800 35.1
-147.890 67.5
>
26.800 35.1
-145.640 67.6
>
26.800 35.1
-144.150 67.7
>
26.800 35.1
-139.870 67.6
>
26.800 35.1
-135.790 67.6
>
26.800 35.1
-133.740 67.4
>
26.800 35.1
-164.040 65.0
>
26.800 35.1
-162.350 65.4
>
26.800 35.1
-160.650 65.5
>
26.800 35.1
-158.650 65.9
>
26.800 35.1
-157.090 66.1
>
26.800 35.1
-153.510 66.5
>
26.800 35.1
-151.510 66.9
>
26.800 35.1
-150.020 66.7
>
26.800 35.1
-147.480 66.7
>
26.800 35.1
-146.100 66.8
>
26.800 35.1
-143.780 67.0
>
26.800 35.1
-141.650 66.8
>
26.800 35.1
-138.020 66.9
>
26.800 35.1
-136.220 67.0
>
26.800 35.1
-134.270 66.9
>
26.800 35.1
-162.240 64.6
>
26.800 35.1
-159.910 64.9
>
26.800 35.1
-158.360 65.2
>
26.800 35.1
-156.450 65.5
>
26.800 35.1
-154.880 65.5
>
26.800 35.1
-152.810 65.7
>
26.800 35.1
-151.380 65.9
>
26.800 35.1
-149.540 65.8
>
26.800 35.1
-147.880 65.8
>
26.800 35.1
-145.820 66.3
>
26.800 35.1
-141.530 66.2
>
26.800 35.1
-138.370 66.2
>
26.800 35.1
-134.340 65.8
>
26.800 35.1
-145.160 62.4
>
26.800 35.1
-160.690 63.9
>
26.800 35.1
-154.480 64.8
>
26.800 35.1
-151.980 65.2
>
26.800 35.1
-149.360 65.2
>
26.800 35.1
-143.150 65.3
>
26.800 35.1
-141.620 65.6
>
26.800 35.1
-139.940 65.5
>
26.800 35.1
-138.310 65.4
>
26.800 35.1
-136.380 65.2
>
26.800 35.1
-163.550 62.8
>
26.800 35.1
-160.600 63.3
>
26.800 35.1
-159.080 63.4
>
26.800 35.1
-156.720 63.5
>
26.800 35.1
-155.620 64.0
>
26.800 35.1
-154.150 64.2
>
26.800 35.1
-145.370 64.6
>
26.800 35.1
-143.560 64.5
>
26.800 35.1
-138.220 64.5
>
26.800 35.1
-136.330 64.6
>
26.800 35.1
-164.660 61.9
>
26.800 35.1
-161.530 62.3
>
26.800 35.1
-158.300 62.7
>
26.800 35.1
-154.070 63.4
>
26.800 35.1
-145.780 63.8
>
26.800 35.1
-142.080 64.0
>
26.800 35.1
-137.520 63.8
>
26.800 35.1
-162.680 61.3
>
26.800 35.1
-161.490 61.7
>
26.800 35.1
-159.470 61.7
>
26.800 35.1
-158.300 62.1
>
26.800 35.1
-156.690 62.2
>
26.800 35.1
-154.850 62.2
>
26.800 35.1
-153.880 62.5
>
26.800 35.1
-143.350 63.0
>
26.800 35.1
-141.830 63.1
>
26.800 35.1
-138.130 63.1
>
26.800 35.1
-166.200 60.4
>
26.800 35.1
-163.350 60.4
>
26.800 35.1
-161.960 60.8
>
26.800 35.1
-160.690 60.7
>
26.800 35.1
-158.960 61.0
>
26.800 35.1
-157.440 61.4
>
26.800 35.1
-155.820 61.5
>
26.800 35.1
-154.390 61.9
>
26.800 35.1
-153.130 61.9
>
26.800 35.1
-150.120 61.8
>
26.800 35.1
-147.730 61.8
>
26.800 35.1
-146.180 62.1
>
26.800 35.1
-143.000 62.4
>
26.800 35.1
-141.880 62.4
>
26.800 35.1
-138.460 62.4
>
26.800 35.1
-136.790 62.6
>
26.800 35.1
-134.390 62.2
>
26.800 35.1
-160.090 60.2
>
26.800 35.1
-158.770 60.5
>
26.800 35.1
-157.190 60.5
>
26.800 35.1
-155.890 60.7
>
26.800 35.1
-154.480 60.8
>
26.800 35.1
-152.210 61.2
>
26.800 35.1
-144.600 61.6
>
26.800 35.1
-137.090 61.5
>
26.800 35.1
-135.780 61.5
>
26.800 35.1
-133.080 61.1
>
26.800 35.1
-154.320 60.2
>
26.800 35.1
-152.620 60.1
>
26.800 35.1
-149.720 60.5
>
26.800 35.1
-140.190 60.8
>
26.800 35.1
-138.580 60.3
>
26.800 35.1
-136.090 60.8
>
26.800 35.1
-136.960 60.1
>
26.800 35.1
-132.820 60.2
>
26.800 35.1
-147.430 65.1
>
26.800 35.1
-147.860 64.9
>
26.800 35.1
-149.570 68.6
>
26.800 35.1
-141.160 64.8
>
26.800 35.1
-125.070 60.2
>
26.800 35.1
-124.050 60.1
>
78.100 37.5
-165.370 64.6
>
78.100 37.5
-143.280 60.1
>
78.100 37.5
-144.610 61.0
>
78.100 37.5
-150.990 64.1
>
78.100 37.5
-151.150 60.8
>
78.100 37.5
-152.080 63.4
>
78.100 37.5
-152.320 63.9
>
78.100 37.5
-150.200 67.2
>
78.100 37.5
-143.090 60.8
>
78.100 37.5
-141.340 61.0
>
78.100 37.5
-150.260 62.4
>
78.100 37.5
-147.380 63.1
>
78.100 37.5
-145.750 60.5
>
78.100 37.5
-171.700 63.8
>
78.100 37.5
-156.880 64.8
>
78.100 37.5
-147.100 60.9
>
78.100 37.5
-146.950 64.4
>
78.100 37.5
-145.920 61.5
>
78.100 37.5
-148.460 61.4
>
78.100 37.5
-143.020 61.4
>
78.100 37.5
-148.940 63.7
>
78.100 37.5
-141.950 60.2
>
78.100 37.5
-150.740 65.0
>
78.100 37.5
-149.070 64.6
>
78.100 37.5
-145.470 63.0
>
78.100 37.5
-140.250 60.1
>
78.100 37.5
-145.520 65.5
>
78.100 37.5
-152.190 62.9
>
78.100 37.5
-148.330 60.9
>
78.100 37.5
-149.740 61.1
>
78.100 37.5
-162.910 68.0
>
78.100 37.5
-144.850 63.7
>
78.100 37.5
-148.330 61.8
>
78.100 37.5
-147.330 61.8
>
78.100 37.5
-143.990 64.0
>
78.100 37.5
-151.530 62.0
>
78.100 37.5
-150.750 61.5
>
78.100 37.5
-149.450 60.1
>
78.100 37.5
-167.930 65.6
>
78.100 37.5
-150.290 63.5
>
78.100 37.5
-148.550 62.8
>
78.100 37.5
-147.740 62.6
>
78.100 37.5
-149.130 61.6
>
78.100 37.5
-156.010 62.9
>
78.100 37.5
-152.210 61.2
>
78.100 37.5
-140.860 62.4
>
78.100 37.5
-139.390 64.1
>
78.100 37.5
-137.500 60.8
>
78.100 37.5
-133.530 68.3
>
78.100 37.5
-134.880 60.7
>
78.100 37.5
-140.460 61.8
>
78.100 37.5
-138.550 61.4
>
78.100 37.5
-138.360 60.9
>
78.100 37.5
-139.760 61.3
>
78.100 37.5
-147.860 64.9
>
78.100 37.5
-133.350 62.2
>
78.100 37.5
-123.480 60.2
>
78.100 37.5
-135.890 63.6
>
78.100 37.5
-131.260 62.6
>
78.100 37.5
-128.270 61.5
>
78.100 37.5
-123.460 63.2
>
78.100 37.5
-128.800 60.1
>
78.100 37.5
-161.070 70.2
>
78.100 37.5
-156.620 71.3
>
78.100 37.5
-154.970 71.0
>
78.100 37.5
-125.250 72.0
>
78.100 37.5
-161.800 69.4
>
78.100 37.5
-157.160 70.0
>
78.100 37.5
-154.610 69.6
>
78.100 37.5
-153.420 70.3
>
78.100 37.5
-165.340 68.3
>
78.100 37.5
-163.180 68.5
>
78.100 37.5
-161.190 68.7
>
78.100 37.5
-159.590 69.1
>
78.100 37.5
-154.780 69.2
>
78.100 37.5
-150.610 69.8
>
78.100 37.5
-148.700 69.7
>
78.100 37.5
-144.910 69.9
>
78.100 37.5
-143.710 69.6
>
78.100 37.5
-124.070 69.3
>
78.100 37.5
-163.080 67.7
>
78.100 37.5
-158.120 68.5
>
78.100 37.5
-156.610 68.7
>
78.100 37.5
-152.680 68.9
>
78.100 37.5
-150.680 69.0
>
78.100 37.5
-148.820 69.2
>
78.100 37.5
-146.380 69.3
>
78.100 37.5
-140.960 69.2
>
78.100 37.5
-138.740 69.3
>
78.100 37.5
-161.830 67.1
>
78.100 37.5
-160.600 67.4
>
78.100 37.5
-157.230 67.5
>
78.100 37.5
-156.190 68.3
>
78.100 37.5
-153.970 68.4
>
78.100 37.5
-151.810 68.1
>
78.100 37.5
-149.620 68.1
>
78.100 37.5
-148.490 68.1
>
78.100 37.5
-145.570 68.1
>
78.100 37.5
-141.600 68.2
>
78.100 37.5
-139.530 68.6
>
78.100 37.5
-137.900 68.4
>
78.100 37.5
-136.720 66.4
>
78.100 37.5
-166.330 65.5
>
78.100 37.5
-164.650 65.7
>
78.100 37.5
-161.250 66.4
>
78.100 37.5
-159.650 66.6
>
78.100 37.5
-157.770 66.8
>
78.100 37.5
-155.730 67.0
>
78.100 37.5
-153.480 67.2
>
78.100 37.5
-152.180 67.5
>
78.100 37.5
-147.890 67.5
>
78.100 37.5
-145.640 67.6
>
78.100 37.5
-144.150 67.7
>
78.100 37.5
-139.870 67.6
>
78.100 37.5
-135.790 67.6
>
78.100 37.5
-133.740 67.4
>
78.100 37.5
-164.040 65.0
>
78.100 37.5
-162.350 65.4
>
78.100 37.5
-160.650 65.5
>
78.100 37.5
-158.650 65.9
>
78.100 37.5
-157.090 66.1
>
78.100 37.5
-153.510 66.5
>
78.100 37.5
-151.510 66.9
>
78.100 37.5
-150.020 66.7
>
78.100 37.5
-147.480 66.7
>
78.100 37.5
-146.100 66.8
>
78.100 37.5
-143.780 67.0
>
78.100 37.5
-141.650 66.8
>
78.100 37.5
-138.020 66.9
>
78.100 37.5
-136.220 67.0
>
78.100 37.5
-134.270 66.9
>
78.100 37.5
-162.240 64.6
>
78.100 37.5
-159.910 64.9
>
78.100 37.5
-158.360 65.2
>
78.100 37.5
-156.450 65.5
>
78.100 37.5
-154.880 65.5
>
78.100 37.5
-152.810 65.7
>
78.100 37.5
-151.380 65.9
>
78.100 37.5
-149.540 65.8
>
78.100 37.5
-147.880 65.8
>
78.100 37.5
-145.820 66.3
>
78.100 37.5
-141.530 66.2
>
78.100 37.5
-138.370 66.2
>
78.100 37.5
-134.340 65.8
>
78.100 37.5
-145.160 62.4
>
78.100 37.5
-160.690 63.9
>
78.100 37.5
-154.480 64.8
>
78.100 37.5
-151.980 65.2
>
78.100 37.5
-149.360 65.2
>
78.100 37.5
-143.150 65.3
>
78.100 37.5
-141.620 65.6
>
78.100 37.5
-139.940 65.5
>
78.100 37.5
-138.310 65.4
>
78.100 37.5
-136.380 65.2
>
78.100 37.5
-163.550 62.8
>
78.100 37.5
-160.600 63.3
>
78.100 37.5
-159.080 63.4
>
78.100 37.5
-156.720 63.5
>
78.100 37.5
-155.620 64.0
>
78.100 37.5
-154.150 64.2
>
78.100 37.5
-145.370 64.6
>
78.100 37.5
-143.560 64.5
>
78.100 37.5
-138.220 64.5
>
78.100 37.5
-136.330 64.6
>
78.100 37.5
-164.660 61.9
>
78.100 37.5
-161.530 62.3
>
78.100 37.5
-158.300 62.7
>
78.100 37.5
-154.070 63.4
>
78.100 37.5
-145.780 63.8
>
78.100 37.5
-142.080 64.0
>
78.100 37.5
-137.520 63.8
>
78.100 37.5
-162.680 61.3
>
78.100 37.5
-161.490 61.7
>
78.100 37.5
-159.470 61.7
>
78.100 37.5
-158.300 62.1
>
78.100 37.5
-156.690 62.2
>
78.100 37.5
-154.850 62.2
>
78.100 37.5
-153.880 62.5
>
78.100 37.5
-143.350 63.0
>
78.100 37.5
-141.830 63.1
>
78.100 37.5
-138.130 63.1
>
78.100 37.5
-166.200 60.4
>
78.100 37.5
-163.350 60.4
>
78.100 37.5
-161.960 60.8
>
78.100 37.5
-160.690 60.7
>
78.100 37.5
-158.960 61.0
>
78.100 37.5
-157.440 61.4
>
78.100 37.5
-155.820 61.5
>
78.100 37.5
-154.390 61.9
>
78.100 37.5
-153.130 61.9
>
78.100 37.5
-150.120 61.8
>
78.100 37.5
-147.730 61.8
>
78.100 37.5
-146.180 62.1
>
78.100 37.5
-143.000 62.4
>
78.100 37.5
-141.880 62.4
>
78.100 37.5
-138.460 62.4
>
78.100 37.5
-136.790 62.6
>
78.100 37.5
-134.390 62.2
>
78.100 37.5
-160.090 60.2
>
78.100 37.5
-158.770 60.5
>
78.100 37.5
-157.190 60.5
>
78.100 37.5
-155.890 60.7
>
78.100 37.5
-154.480 60.8
>
78.100 37.5
-152.210 61.2
>
78.100 37.5
-144.600 61.6
>
78.100 37.5
-137.090 61.5
>
78.100 37.5
-135.780 61.5
>
78.100 37.5
-133.080 61.1
>
78.100 37.5
-154.320 60.2
>
78.100 37.5
-152.620 60.1
>
78.100 37.5
-149.720 60.5
>
78.100 37.5
-140.190 60.8
>
78.100 37.5
-138.580 60.3
>
78.100 37.5
-136.090 60.8
>
78.100 37.5
-136.960 60.1
>
78.100 37.5
-132.820 60.2
>
78.100 37.5
-147.430 65.1
>
78.100 37.5
-147.860 64.9
>
78.100 37.5
-149.570 68.6
>
78.100 37.5
-141.160 64.8
>
78.100 37.5
-125.070 60.2
>
78.100 37.5
-124.050 60.1
>
70.700 36.4
-165.370 64.6
>
70.700 36.4
-143.280 60.1
>
70.700 36.4
-144.610 61.0
>
70.700 36.4
-150.990 64.1
>
70.700 36.4
-151.150 60.8
>
70.700 36.4
-152.080 63.4
>
70.700 36.4
-152.320 63.9
>
70.700 36.4
-150.200 67.2
>
70.700 36.4
-143.090 60.8
>
70.700 36.4
-141.340 61.0
>
70.700 36.4
-150.260 62.4
>
70.700 36.4
-147.380 63.1
>
70.700 36.4
-145.750 60.5
>
70.700 36.4
-171.700 63.8
>
70.700 36.4
-156.880 64.8
>
70.700 36.4
-147.100 60.9
>
70.700 36.4
-146.950 64.4
>
70.700 36.4
-145.920 61.5
>
70.700 36.4
-148.460 61.4
>
70.700 36.4
-143.020 61.4
>
70.700 36.4
-148.940 63.7
>
70.700 36.4
-141.950 60.2
>
70.700 36.4
-150.740 65.0
>
70.700 36.4
-149.070 64.6
>
70.700 36.4
-145.470 63.0
>
70.700 36.4
-140.250 60.1
>
70.700 36.4
-145.520 65.5
>
70.700 36.4
-152.190 62.9
>
70.700 36.4
-148.330 60.9
>
70.700 36.4
-149.740 61.1
>
70.700 36.4
-162.910 68.0
>
70.700 36.4
-144.850 63.7
>
70.700 36.4
-148.330 61.8
>
70.700 36.4
-147.330 61.8
>
70.700 36.4
-143.990 64.0
>
70.700 36.4
-151.530 62.0
>
70.700 36.4
-150.750 61.5
>
70.700 36.4
-149.450 60.1
>
70.700 36.4
-167.930 65.6
>
70.700 36.4
-150.290 63.5
>
70.700 36.4
-148.550 62.8
>
70.700 36.4
-147.740 62.6
>
70.700 36.4
-149.130 61.6
>
70.700 36.4
-156.010 62.9
>
70.700 36.4
-152.210 61.2
>
70.700 36.4
-140.860 62.4
>
70.700 36.4
-139.390 64.1
>
70.700 36.4
-137.500 60.8
>
70.700 36.4
-133.530 68.3
>
70.700 36.4
-134.880 60.7
>
70.700 36.4
-140.460 61.8
>
70.700 36.4
-138.550 61.4
>
70.700 36.4
-138.360 60.9
>
70.700 36.4
-139.760 61.3
>
70.700 36.4
-147.860 64.9
>
70.700 36.4
-133.350 62.2
>
70.700 36.4
-123.480 60.2
>
70.700 36.4
-135.890 63.6
>
70.700 36.4
-131.260 62.6
>
70.700 36.4
-128.270 61.5
>
70.700 36.4
-123.460 63.2
>
70.700 36.4
-128.800 60.1
>
70.700 36.4
-161.070 70.2
>
70.700 36.4
-156.620 71.3
>
70.700 36.4
-154.970 71.0
>
70.700 36.4
-125.250 72.0
>
70.700 36.4
-161.800 69.4
>
70.700 36.4
-157.160 70.0
>
70.700 36.4
-154.610 69.6
>
70.700 36.4
-153.420 70.3
>
70.700 36.4
-165.340 68.3
>
70.700 36.4
-163.180 68.5
>
70.700 36.4
-161.190 68.7
>
70.700 36.4
-159.590 69.1
>
70.700 36.4
-154.780 69.2
>
70.700 36.4
-150.610 69.8
>
70.700 36.4
-148.700 69.7
>
70.700 36.4
-144.910 69.9
>
70.700 36.4
-143.710 69.6
>
70.700 36.4
-124.070 69.3
>
70.700 36.4
-163.080 67.7
>
70.700 36.4
-158.120 68.5
>
70.700 36.4
-156.610 68.7
>
70.700 36.4
-152.680 68.9
>
70.700 36.4
-150.680 69.0
>
70.700 36.4
-148.820 69.2
>
70.700 36.4
-146.380 69.3
>
70.700 36.4
-140.960 69.2
>
70.700 36.4
-138.740 69.3
>
70.700 36.4
-161.830 67.1
>
70.700 36.4
-160.600 67.4
>
70.700 36.4
-157.230 67.5
>
70.700 36.4
-156.190 68.3
>
70.700 36.4
-153.970 68.4
>
70.700 36.4
-151.810 68.1
>
70.700 36.4
-149.620 68.1
>
70.700 36.4
-148.490 68.1
>
70.700 36.4
-145.570 68.1
>
70.700 36.4
-141.600 68.2
>
70.700 36.4
-139.530 68.6
>
70.700 36.4
-137.900 68.4
>
70.700 36.4
-136.720 66.4
>
70.700 36.4
-166.330 65.5
>
70.700 36.4
-164.650 65.7
>
70.700 36.4
-161.250 66.4
>
70.700 36.4
-159.650 66.6
>
70.700 36.4
-157.770 66.8
>
70.700 36.4
-155.730 67.0
>
70.700 36.4
-153.480 67.2
>
70.700 36.4
-152.180 67.5
>
70.700 36.4
-147.890 67.5
>
70.700 36.4
-145.640 67.6
>
70.700 36.4
-144.150 67.7
>
70.700 36.4
-139.870 67.6
>
70.700 36.4
-135.790 67.6
>
70.700 36.4
-133.740 67.4
>
70.700 36.4
-164.040 65.0
>
70.700 36.4
-162.350 65.4
>
70.700 36.4
-160.650 65.5
>
70.700 36.4
-158.650 65.9
>
70.700 36.4
-157.090 66.1
>
70.700 36.4
-153.510 66.5
>
70.700 36.4
-151.510 66.9
>
70.700 36.4
-150.020 66.7
>
70.700 36.4
-147.480 66.7
>
70.700 36.4
-146.100 66.8
>
70.700 36.4
-143.780 67.0
>
70.700 36.4
-141.650 66.8
>
70.700 36.4
-138.020 66.9
>
70.700 36.4
-136.220 67.0
>
70.700 36.4
-134.270 66.9
>
70.700 36.4
-162.240 64.6
>
70.700 36.4
-159.910 64.9
>
70.700 36.4
-158.360 65.2
>
70.700 36.4
-156.450 65.5
>
70.700 36.4
-154.880 65.5
>
70.700 36.4
-152.810 65.7
>
70.700 36.4
-151.380 65.9
>
70.700 36.4
-149.540 65.8
>
70.700 36.4
-147.880 65.8
>
70.700 36.4
-145.820 66.3
>
70.700 36.4
-141.530 66.2
>
70.700 36.4
-138.370 66.2
>
70.700 36.4
-134.340 65.8
>
70.700 36.4
-145.160 62.4
>
70.700 36.4
-160.690 63.9
>
70.700 36.4
-154.480 64.8
>
70.700 36.4
-151.980 65.2
>
70.700 36.4
-149.360 65.2
>
70.700 36.4
-143.150 65.3
>
70.700 36.4
-141.620 65.6
>
70.700 36.4
-139.940 65.5
>
70.700 36.4
-138.310 65.4
>
70.700 36.4
-136.380 65.2
>
70.700 36.4
-163.550 62.8
>
70.700 36.4
-160.600 63.3
>
70.700 36.4
-159.080 63.4
>
70.700 36.4
-156.720 63.5
>
70.700 36.4
-155.620 64.0
>
70.700 36.4
-154.150 64.2
>
70.700 36.4
-145.370 64.6
>
70.700 36.4
-143.560 64.5
>
70.700 36.4
-138.220 64.5
>
70.700 36.4
-136.330 64.6
>
70.700 36.4
-164.660 61.9
>
70.700 36.4
-161.530 62.3
>
70.700 36.4
-158.300 62.7
>
70.700 36.4
-154.070 63.4
>
70.700 36.4
-145.780 63.8
>
70.700 36.4
-142.080 64.0
>
70.700 36.4
-137.520 63.8
>
70.700 36.4
-162.680 61.3
>
70.700 36.4
-161.490 61.7
>
70.700 36.4
-159.470 61.7
>
70.700 36.4
-158.300 62.1
>
70.700 36.4
-156.690 62.2
>
70.700 36.4
-154.850 62.2
>
70.700 36.4
-153.880 62.5
>
70.700 36.4
-143.350 63.0
>
70.700 36.4
-141.830 63.1
>
70.700 36.4
-138.130 63.1
>
70.700 36.4
-166.200 60.4
>
70.700 36.4
-163.350 60.4
>
70.700 36.4
-161.960 60.8
>
70.700 36.4
-160.690 60.7
>
70.700 36.4
-158.960 61.0
>
70.700 36.4
-157.440 61.4
>
70.700 36.4
-155.820 61.5
>
70.700 36.4
-154.390 61.9
>
70.700 36.4
-153.130 61.9
>
70.700 36.4
-150.120 61.8
>
70.700 36.4
-147.730 61.8
>
70.700 36.4
-146.180 62.1
>
70.700 36.4
-143.000 62.4
>
70.700 36.4
-141.880 62.4
>
70.700 36.4
-138.460 62.4
>
70.700 36.4
-136.790 62.6
>
70.700 36.4
-134.390 62.2
>
70.700 36.4
-160.090 60.2
>
70.700 36.4
-158.770 60.5
>
70.700 36.4
-157.190 60.5
>
70.700 36.4
-155.890 60.7
>
70.700 36.4
-154.480 60.8
>
70.700 36.4
-152.210 61.2
>
70.700 36.4
-144.600 61.6
>
70.700 36.4
-137.090 61.5
>
70.700 36.4
-135.780 61.5
>
70.700 36.4
-133.080 61.1
>
70.700 36.4
-154.320 60.2
>
70.700 36.4
-152.620 60.1
>
70.700 36.4
-149.720 60.5
>
70.700 36.4
-140.190 60.8
>
70.700 36.4
-138.580 60.3
>
70.700 36.4
-136.090 60.8
>
70.700 36.4
-136.960 60.1
>
70.700 36.4
-132.820 60.2
>
70.700 36.4
-147.430 65.1
>
70.700 36.4
-147.860 64.9
>
70.700 36.4
-149.570 68.6
>
70.700 36.4
-141.160 64.8
>
70.700 36.4
-125.070 60.2
>
70.700 36.4
-124.050 60.1
>
72.800 38.3
-165.370 64.6
>
72.800 38.3
-143.280 60.1
>
72.800 38.3
-144.610 61.0
>
72.800 38.3
-150.990 64.1
>
72.800 38.3
-151.150 60.8
>
72.800 38.3
-152.080 63.4
>
72.800 38.3
-152.320 63.9
>
72.800 38.3
-150.200 67.2
>
72.800 38.3
-143.090 60.8
>
72.800 38.3
-141.340 61.0
>
72.800 38.3
-150.260 62.4
>
72.800 38.3
-147.380 63.1
>
72.800 38.3
-145.750 60.5
>
72.800 38.3
-171.700 63.8
>
72.800 38.3
-156.880 64.8
>
72.800 38.3
-147.100 60.9
>
72.800 38.3
-146.950 64.4
>
72.800 38.3
-145.920 61.5
>
72.800 38.3
-148.460 61.4
>
72.800 38.3
-143.020 61.4
>
72.800 38.3
-148.940 63.7
>
72.800 38.3
-141.950 60.2
>
72.800 38.3
-150.740 65.0
>
72.800 38.3
-149.070 64.6
>
72.800 38.3
-145.470 63.0
>
72.800 38.3
-140.250 60.1
>
72.800 38.3
-145.520 65.5
>
72.800 38.3
-152.190 62.9
>
72.800 38.3
-148.330 60.9
>
72.800 38.3
-149.740 61.1
>
72.800 38.3
-162.910 68.0
>
72.800 38.3
-144.850 63.7
>
72.800 38.3
-148.330 61.8
>
72.800 38.3
-147.330 61.8
>
72.800 38.3
-143.990 64.0
>
72.800 38.3
-151.530 62.0
>
72.800 38.3
-150.750 61.5
>
72.800 38.3
-149.450 60.1
>
72.800 38.3
-167.930 65.6
>
72.800 38.3
-150.290 63.5
>
72.800 38.3
-148.550 62.8
>
72.800 38.3
-147.740 62.6
>
72.800 38.3
-149.130 61.6
>
72.800 38.3
-156.010 62.9
>
72.800 38.3
-152.210 61.2
>
72.800 38.3
-140.860 62.4
>
72.800 38.3
-139.390 64.1
>
72.800 38.3
-137.500 60.8
>
72.800 38.3
-133.530 68.3
>
72.800 38.3
-134.880 60.7
>
72.800 38.3
-140.460 61.8
>
72.800 38.3
-138.550 61.4
>
72.800 38.3
-138.360 60.9
>
72.800 38.3
-139.760 61.3
>
72.800 38.3
-147.860 64.9
>
72.800 38.3
-133.350 62.2
>
72.800 38.3
-123.480 60.2
>
72.800 38.3
-135.890 63.6
>
72.800 38.3
-131.260 62.6
>
72.800 38.3
-128.270 61.5
>
72.800 38.3
-123.460 63.2
>
72.800 38.3
-128.800 60.1
>
72.800 38.3
-161.070 70.2
>
72.800 38.3
-156.620 71.3
>
72.800 38.3
-154.970 71.0
>
72.800 38.3
-125.250 72.0
>
72.800 38.3
-161.800 69.4
>
72.800 38.3
-157.160 70.0
>
72.800 38.3
-154.610 69.6
>
72.800 38.3
-153.420 70.3
>
72.800 38.3
-165.340 68.3
>
72.800 38.3
-163.180 68.5
>
72.800 38.3
-161.190 68.7
>
72.800 38.3
-159.590 69.1
>
72.800 38.3
-154.780 69.2
>
72.800 38.3
-150.610 69.8
>
72.800 38.3
-148.700 69.7
>
72.800 38.3
-144.910 69.9
>
72.800 38.3
-143.710 69.6
>
72.800 38.3
-124.070 69.3
>
72.800 38.3
-163.080 67.7
>
72.800 38.3
-158.120 68.5
>
72.800 38.3
-156.610 68.7
>
72.800 38.3
-152.680 68.9
>
72.800 38.3
-150.680 69.0
>
72.800 38.3
-148.820 69.2
>
72.800 38.3
-146.380 69.3
>
72.800 38.3
-140.960 69.2
>
72.800 38.3
-138.740 69.3
>
72.800 38.3
-161.830 67.1
>
72.800 38.3
-160.600 67.4
>
72.800 38.3
-157.230 67.5
>
72.800 38.3
-156.190 68.3
>
72.800 38.3
-153.970 68.4
>
72.800 38.3
-151.810 68.1
>
72.800 38.3
-149.620 68.1
>
72.800 38.3
-148.490 68.1
>
72.800 38.3
-145.570 68.1
>
72.800 38.3
-141.600 68.2
>
72.800 38.3
-139.530 68.6
>
72.800 38.3
-137.900 68.4
>
72.800 38.3
-136.720 66.4
>
72.800 38.3
-166.330 65.5
>
72.800 38.3
-164.650 65.7
>
72.800 38.3
-161.250 66.4
>
72.800 38.3
-159.650 66.6
>
72.800 38.3
-157.770 66.8
>
72.800 38.3
-155.730 67.0
>
72.800 38.3
-153.480 67.2
>
72.800 38.3
-152.180 67.5
>
72.800 38.3
-147.890 67.5
>
72.800 38.3
-145.640 67.6
>
72.800 38.3
-144.150 67.7
>
72.800 38.3
-139.870 67.6
>
72.800 38.3
-135.790 67.6
>
72.800 38.3
-133.740 67.4
>
72.800 38.3
-164.040 65.0
>
72.800 38.3
-162.350 65.4
>
72.800 38.3
-160.650 65.5
>
72.800 38.3
-158.650 65.9
>
72.800 38.3
-157.090 66.1
>
72.800 38.3
-153.510 66.5
>
72.800 38.3
-151.510 66.9
>
72.800 38.3
-150.020 66.7
>
72.800 38.3
-147.480 66.7
>
72.800 38.3
-146.100 66.8
>
72.800 38.3
-143.780 67.0
>
72.800 38.3
-141.650 66.8
>
72.800 38.3
-138.020 66.9
>
72.800 38.3
-136.220 67.0
>
72.800 38.3
-134.270 66.9
>
72.800 38.3
-162.240 64.6
>
72.800 38.3
-159.910 64.9
>
72.800 38.3
-158.360 65.2
>
72.800 38.3
-156.450 65.5
>
72.800 38.3
-154.880 65.5
>
72.800 38.3
-152.810 65.7
>
72.800 38.3
-151.380 65.9
>
72.800 38.3
-149.540 65.8
>
72.800 38.3
-147.880 65.8
>
72.800 38.3
-145.820 66.3
>
72.800 38.3
-141.530 66.2
>
72.800 38.3
-138.370 66.2
>
72.800 38.3
-134.340 65.8
>
72.800 38.3
-145.160 62.4
>
72.800 38.3
-160.690 63.9
>
72.800 38.3
-154.480 64.8
>
72.800 38.3
-151.980 65.2
>
72.800 38.3
-149.360 65.2
>
72.800 38.3
-143.150 65.3
>
72.800 38.3
-141.620 65.6
>
72.800 38.3
-139.940 65.5
>
72.800 38.3
-138.310 65.4
>
72.800 38.3
-136.380 65.2
>
72.800 38.3
-163.550 62.8
>
72.800 38.3
-160.600 63.3
>
72.800 38.3
-159.080 63.4
>
72.800 38.3
-156.720 63.5
>
72.800 38.3
-155.620 64.0
>
72.800 38.3
-154.150 64.2
>
72.800 38.3
-145.370 64.6
>
72.800 38.3
-143.560 64.5
>
72.800 38.3
-138.220 64.5
>
72.800 38.3
-136.330 64.6
>
72.800 38.3
-164.660 61.9
>
72.800 38.3
-161.530 62.3
>
72.800 38.3
-158.300 62.7
>
72.800 38.3
-154.070 63.4
>
72.800 38.3
-145.780 63.8
>
72.800 38.3
-142.080 64.0
>
72.800 38.3
-137.520 63.8
>
72.800 38.3
-162.680 61.3
>
72.800 38.3
-161.490 61.7
>
72.800 38.3
-159.470 61.7
>
72.800 38.3
-158.300 62.1
>
72.800 38.3
-156.690 62.2
>
72.800 38.3
-154.850 62.2
>
72.800 38.3
-153.880 62.5
>
72.800 38.3
-143.350 63.0
>
72.800 38.3
-141.830 63.1
>
72.800 38.3
-138.130 63.1
>
72.800 38.3
-166.200 60.4
>
72.800 38.3
-163.350 60.4
>
72.800 38.3
-161.960 60.8
>
72.800 38.3
-160.690 60.7
>
72.800 38.3
-158.960 61.0
>
72.800 38.3
-157.440 61.4
>
72.800 38.3
-155.820 61.5
>
72.800 38.3
-154.390 61.9
>
72.800 38.3
-153.130 61.9
>
72.800 38.3
-150.120 61.8
>
72.800 38.3
-147.730 61.8
>
72.800 38.3
-146.180 62.1
>
72.800 38.3
-143.000 62.4
>
72.800 38.3
-141.880 62.4
>
72.800 38.3
-138.460 62.4
>
72.800 38.3
-136.790 62.6
>
72.800 38.3
-134.390 62.2
>
72.800 38.3
-160.090 60.2
>
72.800 38.3
-158.770 60.5
>
72.800 38.3
-157.190 60.5
>
72.800 38.3
-155.890 60.7
>
72.800 38.3
-154.480 60.8
>
72.800 38.3
-152.210 61.2
>
72.800 38.3
-144.600 61.6
>
72.800 38.3
-137.090 61.5
>
72.800 38.3
-135.780 61.5
>
72.800 38.3
-133.080 61.1
>
72.800 38.3
-154.320 60.2
>
72.800 38.3
-152.620 60.1
>
72.800 38.3
-149.720 60.5
>
72.800 38.3
-140.190 60.8
>
72.800 38.3
-138.580 60.3
>
72.800 38.3
-136.090 60.8
>
72.800 38.3
-136.960 60.1
>
72.800 38.3
-132.820 60.2
>
72.800 38.3
-147.430 65.1
>
72.800 38.3
-147.860 64.9
>
72.800 38.3
-149.570 68.6
>
72.800 38.3
-141.160 64.8
>
72.800 38.3
-125.070 60.2
>
72.800 38.3
-124.050 60.1
>
71.100 36.5
-165.370 64.6
>
71.100 36.5
-143.280 60.1
>
71.100 36.5
-144.610 61.0
>
71.100 36.5
-150.990 64.1
>
71.100 36.5
-151.150 60.8
>
71.100 36.5
-152.080 63.4
>
71.100 36.5
-152.320 63.9
>
71.100 36.5
-150.200 67.2
>
71.100 36.5
-143.090 60.8
>
71.100 36.5
-141.340 61.0
>
71.100 36.5
-150.260 62.4
>
71.100 36.5
-147.380 63.1
>
71.100 36.5
-145.750 60.5
>
71.100 36.5
-171.700 63.8
>
71.100 36.5
-156.880 64.8
>
71.100 36.5
-147.100 60.9
>
71.100 36.5
-146.950 64.4
>
71.100 36.5
-145.920 61.5
>
71.100 36.5
-148.460 61.4
>
71.100 36.5
-143.020 61.4
>
71.100 36.5
-148.940 63.7
>
71.100 36.5
-141.950 60.2
>
71.100 36.5
-150.740 65.0
>
71.100 36.5
-149.070 64.6
>
71.100 36.5
-145.470 63.0
>
71.100 36.5
-140.250 60.1
>
71.100 36.5
-145.520 65.5
>
71.100 36.5
-152.190 62.9
>
71.100 36.5
-148.330 60.9
>
71.100 36.5
-149.740 61.1
>
71.100 36.5
-162.910 68.0
>
71.100 36.5
-144.850 63.7
>
71.100 36.5
-148.330 61.8
>
71.100 36.5
-147.330 61.8
>
71.100 36.5
-143.990 64.0
>
71.100 36.5
-151.530 62.0
>
71.100 36.5
-150.750 61.5
>
71.100 36.5
-149.450 60.1
>
71.100 36.5
-167.930 65.6
>
71.100 36.5
-150.290 63.5
>
71.100 36.5
-148.550 62.8
>
71.100 36.5
-147.740 62.6
>
71.100 36.5
-149.130 61.6
>
71.100 36.5
-156.010 62.9
>
71.100 36.5
-152.210 61.2
>
71.100 36.5
-140.860 62.4
>
71.100 36.5
-139.390 64.1
>
71.100 36.5
-137.500 60.8
>
71.100 36.5
-133.530 68.3
>
71.100 36.5
-134.880 60.7
>
71.100 36.5
-140.460 61.8
>
71.100 36.5
-138.550 61.4
>
71.100 36.5
-138.360 60.9
>
71.100 36.5
-139.760 61.3
>
71.100 36.5
-147.860 64.9
>
71.100 36.5
-133.350 62.2
>
71.100 36.5
-123.480 60.2
>
71.100 36.5
-135.890 63.6
>
71.100 36.5
-131.260 62.6
>
71.100 36.5
-128.270 61.5
>
71.100 36.5
-123.460 63.2
>
71.100 36.5
-128.800 60.1
>
71.100 36.5
-161.070 70.2
>
71.100 36.5
-156.620 71.3
>
71.100 36.5
-154.970 71.0
>
71.100 36.5
-125.250 72.0
>
71.100 36.5
-161.800 69.4
>
71.100 36.5
-157.160 70.0
>
71.100 36.5
-154.610 69.6
>
71.100 36.5
-153.420 70.3
>
71.100 36.5
-165.340 68.3
>
71.100 36.5
-163.180 68.5
>
71.100 36.5
-161.190 68.7
>
71.100 36.5
-159.590 69.1
>
71.100 36.5
-154.780 69.2
>
71.100 36.5
-150.610 69.8
>
71.100 36.5
-148.700 69.7
>
71.100 36.5
-144.910 69.9
>
71.100 36.5
-143.710 69.6
>
71.100 36.5
-124.070 69.3
>
71.100 36.5
-163.080 67.7
>
71.100 36.5
-158.120 68.5
>
71.100 36.5
-156.610 68.7
>
71.100 36.5
-152.680 68.9
>
71.100 36.5
-150.680 69.0
>
71.100 36.5
-148.820 69.2
>
71.100 36.5
-146.380 69.3
>
71.100 36.5
-140.960 69.2
>
71.100 36.5
-138.740 69.3
>
71.100 36.5
-161.830 67.1
>
71.100 36.5
-160.600 67.4
>
71.100 36.5
-157.230 67.5
>
71.100 36.5
-156.190 68.3
>
71.100 36.5
-153.970 68.4
>
71.100 36.5
-151.810 68.1
>
71.100 36.5
-149.620 68.1
>
71.100 36.5
-148.490 68.1
>
71.100 36.5
-145.570 68.1
>
71.100 36.5
-141.600 68.2
>
71.100 36.5
-139.530 68.6
>
71.100 36.5
-137.900 68.4
>
71.100 36.5
-136.720 66.4
>
71.100 36.5
-166.330 65.5
>
71.100 36.5
-164.650 65.7
>
71.100 36.5
-161.250 66.4
>
71.100 36.5
-159.650 66.6
>
71.100 36.5
-157.770 66.8
>
71.100 36.5
-155.730 67.0
>
71.100 36.5
-153.480 67.2
>
71.100 36.5
-152.180 67.5
>
71.100 36.5
-147.890 67.5
>
71.100 36.5
-145.640 67.6
>
71.100 36.5
-144.150 67.7
>
71.100 36.5
-139.870 67.6
>
71.100 36.5
-135.790 67.6
>
71.100 36.5
-133.740 67.4
>
71.100 36.5
-164.040 65.0
>
71.100 36.5
-162.350 65.4
>
71.100 36.5
-160.650 65.5
>
71.100 36.5
-158.650 65.9
>
71.100 36.5
-157.090 66.1
>
71.100 36.5
-153.510 66.5
>
71.100 36.5
-151.510 66.9
>
71.100 36.5
-150.020 66.7
>
71.100 36.5
-147.480 66.7
>
71.100 36.5
-146.100 66.8
>
71.100 36.5
-143.780 67.0
>
71.100 36.5
-141.650 66.8
>
71.100 36.5
-138.020 66.9
>
71.100 36.5
-136.220 67.0
>
71.100 36.5
-134.270 66.9
>
71.100 36.5
-162.240 64.6
>
71.100 36.5
-159.910 64.9
>
71.100 36.5
-158.360 65.2
>
71.100 36.5
-156.450 65.5
>
71.100 36.5
-154.880 65.5
>
71.100 36.5
-152.810 65.7
>
71.100 36.5
-151.380 65.9
>
71.100 36.5
-149.540 65.8
>
71.100 36.5
-147.880 65.8
>
71.100 36.5
-145.820 66.3
>
71.100 36.5
-141.530 66.2
>
71.100 36.5
-138.370 66.2
>
71.100 36.5
-134.340 65.8
>
71.100 36.5
-145.160 62.4
>
71.100 36.5
-160.690 63.9
>
71.100 36.5
-154.480 64.8
>
71.100 36.5
-151.980 65.2
>
71.100 36.5
-149.360 65.2
>
71.100 36.5
-143.150 65.3
>
71.100 36.5
-141.620 65.6
>
71.100 36.5
-139.940 65.5
>
71.100 36.5
-138.310 65.4
>
71.100 36.5
-136.380 65.2
>
71.100 36.5
-163.550 62.8
>
71.100 36.5
-160.600 63.3
>
71.100 36.5
-159.080 63.4
>
71.100 36.5
-156.720 63.5
>
71.100 36.5
-155.620 64.0
>
71.100 36.5
-154.150 64.2
>
71.100 36.5
-145.370 64.6
>
71.100 36.5
-143.560 64.5
>
71.100 36.5
-138.220 64.5
>
71.100 36.5
-136.330 64.6
>
71.100 36.5
-164.660 61.9
>
71.100 36.5
-161.530 62.3
>
71.100 36.5
-158.300 62.7
>
71.100 36.5
-154.070 63.4
>
71.100 36.5
-145.780 63.8
>
71.100 36.5
-142.080 64.0
>
71.100 36.5
-137.520 63.8
>
71.100 36.5
-162.680 61.3
>
71.100 36.5
-161.490 61.7
>
71.100 36.5
-159.470 61.7
>
71.100 36.5
-158.300 62.1
>
71.100 36.5
-156.690 62.2
>
71.100 36.5
-154.850 62.2
>
71.100 36.5
-153.880 62.5
>
71.100 36.5
-143.350 63.0
>
71.100 36.5
-141.830 63.1
>
71.100 36.5
-138.130 63.1
>
71.100 36.5
-166.200 60.4
>
71.100 36.5
-163.350 60.4
>
71.100 36.5
-161.960 60.8
>
71.100 36.5
-160.690 60.7
>
71.100 36.5
-158.960 61.0
>
71.100 36.5
-157.440 61.4
>
71.100 36.5
-155.820 61.5
>
71.100 36.5
-154.390 61.9
>
71.100 36.5
-153.130 61.9
>
71.100 36.5
-150.120 61.8
>
71.100 36.5
-147.730 61.8
>
71.100 36.5
-146.180 62.1
>
71.100 36.5
-143.000 62.4
>
71.100 36.5
-141.880 62.4
>
71.100 36.5
-138.460 62.4
>
71.100 36.5
-136.790 62.6
>
71.100 36.5
-134.390 62.2
>
71.100 36.5
-160.090 60.2
>
71.100 36.5
-158.770 60.5
>
71.100 36.5
-157.190 60.5
>
71.100 36.5
-155.890 60.7
>
71.100 36.5
-154.480 60.8
>
71.100 36.5
-152.210 61.2
>
71.100 36.5
-144.600 61.6
>
71.100 36.5
-137.090 61.5
>
71.100 36.5
-135.780 61.5
>
71.100 36.5
-133.080 61.1
>
71.100 36.5
-154.320 60.2
>
71.100 36.5
-152.620 60.1
>
71.100 36.5
-149.720 60.5
>
71.100 36.5
-140.190 60.8
>
71.100 36.5
-138.580 60.3
>
71.100 36.5
-136.090 60.8
>
71.100 36.5
-136.960 60.1
>
71.100 36.5
-132.820 60.2
>
71.100 36.5
-147.430 65.1
>
71.100 36.5
-147.860 64.9
>
71.100 36.5
-149.570 68.6
>
71.100 36.5
-141.160 64.8
>
71.100 36.5
-125.070 60.2
>
71.100 36.5
-124.050 60.1
>
71.200 36.5
-165.370 64.6
>
71.200 36.5
-143.280 60.1
>
71.200 36.5
-144.610 61.0
>
71.200 36.5
-150.990 64.1
>
71.200 36.5
-151.150 60.8
>
71.200 36.5
-152.080 63.4
>
71.200 36.5
-152.320 63.9
>
71.200 36.5
-150.200 67.2
>
71.200 36.5
-143.090 60.8
>
71.200 36.5
-141.340 61.0
>
71.200 36.5
-150.260 62.4
>
71.200 36.5
-147.380 63.1
>
71.200 36.5
-145.750 60.5
>
71.200 36.5
-171.700 63.8
>
71.200 36.5
-156.880 64.8
>
71.200 36.5
-147.100 60.9
>
71.200 36.5
-146.950 64.4
>
71.200 36.5
-145.920 61.5
>
71.200 36.5
-148.460 61.4
>
71.200 36.5
-143.020 61.4
>
71.200 36.5
-148.940 63.7
>
71.200 36.5
-141.950 60.2
>
71.200 36.5
-150.740 65.0
>
71.200 36.5
-149.070 64.6
>
71.200 36.5
-145.470 63.0
>
71.200 36.5
-140.250 60.1
>
71.200 36.5
-145.520 65.5
>
71.200 36.5
-152.190 62.9
>
71.200 36.5
-148.330 60.9
>
71.200 36.5
-149.740 61.1
>
71.200 36.5
-162.910 68.0
>
71.200 36.5
-144.850 63.7
>
71.200 36.5
-148.330 61.8
>
71.200 36.5
-147.330 61.8
>
71.200 36.5
-143.990 64.0
>
71.200 36.5
-151.530 62.0
>
71.200 36.5
-150.750 61.5
>
71.200 36.5
-149.450 60.1
>
71.200 36.5
-167.930 65.6
>
71.200 36.5
-150.290 63.5
>
71.200 36.5
-148.550 62.8
>
71.200 36.5
-147.740 62.6
>
71.200 36.5
-149.130 61.6
>
71.200 36.5
-156.010 62.9
>
71.200 36.5
-152.210 61.2
>
71.200 36.5
-140.860 62.4
>
71.200 36.5
-139.390 64.1
>
71.200 36.5
-137.500 60.8
>
71.200 36.5
-133.530 68.3
>
71.200 36.5
-134.880 60.7
>
71.200 36.5
-140.460 61.8
>
71.200 36.5
-138.550 61.4
>
71.200 36.5
-138.360 60.9
>
71.200 36.5
-139.760 61.3
>
71.200 36.5
-147.860 64.9
>
71.200 36.5
-133.350 62.2
>
71.200 36.5
-123.480 60.2
>
71.200 36.5
-135.890 63.6
>
71.200 36.5
-131.260 62.6
>
71.200 36.5
-128.270 61.5
>
71.200 36.5
-123.460 63.2
>
71.200 36.5
-128.800 60.1
>
71.200 36.5
-161.070 70.2
>
71.200 36.5
-156.620 71.3
>
71.200 36.5
-154.970 71.0
>
71.200 36.5
-125.250 72.0
>
71.200 36.5
-161.800 69.4
>
71.200 36.5
-157.160 70.0
>
71.200 36.5
-154.610 69.6
>
71.200 36.5
-153.420 70.3
>
71.200 36.5
-165.340 68.3
>
71.200 36.5
-163.180 68.5
>
71.200 36.5
-161.190 68.7
>
71.200 36.5
-159.590 69.1
>
71.200 36.5
-154.780 69.2
>
71.200 36.5
-150.610 69.8
>
71.200 36.5
-148.700 69.7
>
71.200 36.5
-144.910 69.9
>
71.200 36.5
-143.710 69.6
>
71.200 36.5
-124.070 69.3
>
71.200 36.5
-163.080 67.7
>
71.200 36.5
-158.120 68.5
>
71.200 36.5
-156.610 68.7
>
71.200 36.5
-152.680 68.9
>
71.200 36.5
-150.680 69.0
>
71.200 36.5
-148.820 69.2
>
71.200 36.5
-146.380 69.3
>
71.200 36.5
-140.960 69.2
>
71.200 36.5
-138.740 69.3
>
71.200 36.5
-161.830 67.1
>
71.200 36.5
-160.600 67.4
>
71.200 36.5
-157.230 67.5
>
71.200 36.5
-156.190 68.3
>
71.200 36.5
-153.970 68.4
>
71.200 36.5
-151.810 68.1
>
71.200 36.5
-149.620 68.1
>
71.200 36.5
-148.490 68.1
>
71.200 36.5
-145.570 68.1
>
71.200 36.5
-141.600 68.2
>
71.200 36.5
-139.530 68.6
>
71.200 36.5
-137.900 68.4
>
71.200 36.5
-136.720 66.4
>
71.200 36.5
-166.330 65.5
>
71.200 36.5
-164.650 65.7
>
71.200 36.5
-161.250 66.4
>
71.200 36.5
-159.650 66.6
>
71.200 36.5
-157.770 66.8
>
71.200 36.5
-155.730 67.0
>
71.200 36.5
-153.480 67.2
>
71.200 36.5
-152.180 67.5
>
71.200 36.5
-147.890 67.5
>
71.200 36.5
-145.640 67.6
>
71.200 36.5
-144.150 67.7
>
71.200 36.5
-139.870 67.6
>
71.200 36.5
-135.790 67.6
>
71.200 36.5
-133.740 67.4
>
71.200 36.5
-164.040 65.0
>
71.200 36.5
-162.350 65.4
>
71.200 36.5
-160.650 65.5
>
71.200 36.5
-158.650 65.9
>
71.200 36.5
-157.090 66.1
>
71.200 36.5
-153.510 66.5
>
71.200 36.5
-151.510 66.9
>
71.200 36.5
-150.020 66.7
>
71.200 36.5
-147.480 66.7
>
71.200 36.5
-146.100 66.8
>
71.200 36.5
-143.780 67.0
>
71.200 36.5
-141.650 66.8
>
71.200 36.5
-138.020 66.9
>
71.200 36.5
-136.220 67.0
>
71.200 36.5
-134.270 66.9
>
71.200 36.5
-162.240 64.6
>
71.200 36.5
-159.910 64.9
>
71.200 36.5
-158.360 65.2
>
71.200 36.5
-156.450 65.5
>
71.200 36.5
-154.880 65.5
>
71.200 36.5
-152.810 65.7
>
71.200 36.5
-151.380 65.9
>
71.200 36.5
-149.540 65.8
>
71.200 36.5
-147.880 65.8
>
71.200 36.5
-145.820 66.3
>
71.200 36.5
-141.530 66.2
>
71.200 36.5
-138.370 66.2
>
71.200 36.5
-134.340 65.8
>
71.200 36.5
-145.160 62.4
>
71.200 36.5
-160.690 63.9
>
71.200 36.5
-154.480 64.8
>
71.200 36.5
-151.980 65.2
>
71.200 36.5
-149.360 65.2
>
71.200 36.5
-143.150 65.3
>
71.200 36.5
-141.620 65.6
>
71.200 36.5
-139.940 65.5
>
71.200 36.5
-138.310 65.4
>
71.200 36.5
-136.380 65.2
>
71.200 36.5
-163.550 62.8
>
71.200 36.5
-160.600 63.3
>
71.200 36.5
-159.080 63.4
>
71.200 36.5
-156.720 63.5
>
71.200 36.5
-155.620 64.0
>
71.200 36.5
-154.150 64.2
>
71.200 36.5
-145.370 64.6
>
71.200 36.5
-143.560 64.5
>
71.200 36.5
-138.220 64.5
>
71.200 36.5
-136.330 64.6
>
71.200 36.5
-164.660 61.9
>
71.200 36.5
-161.530 62.3
>
71.200 36.5
-158.300 62.7
>
71.200 36.5
-154.070 63.4
>
71.200 36.5
-145.780 63.8
>
71.200 36.5
-142.080 64.0
>
71.200 36.5
-137.520 63.8
>
71.200 36.5
-162.680 61.3
>
71.200 36.5
-161.490 61.7
>
71.200 36.5
-159.470 61.7
>
71.200 36.5
-158.300 62.1
>
71.200 36.5
-156.690 62.2
>
71.200 36.5
-154.850 62.2
>
71.200 36.5
-153.880 62.5
>
71.200 36.5
-143.350 63.0
>
71.200 36.5
-141.830 63.1
>
71.200 36.5
-138.130 63.1
>
71.200 36.5
-166.200 60.4
>
71.200 36.5
-163.350 60.4
>
71.200 36.5
-161.960 60.8
>
71.200 36.5
-160.690 60.7
>
71.200 36.5
-158.960 61.0
>
71.200 36.5
-157.440 61.4
>
71.200 36.5
-155.820 61.5
>
71.200 36.5
-154.390 61.9
>
71.200 36.5
-153.130 61.9
>
71.200 36.5
-150.120 61.8
>
71.200 36.5
-147.730 61.8
>
71.200 36.5
-146.180 62.1
>
71.200 36.5
-143.000 62.4
>
71.200 36.5
-141.880 62.4
>
71.200 36.5
-138.460 62.4
>
71.200 36.5
-136.790 62.6
>
71.200 36.5
-134.390 62.2
>
71.200 36.5
-160.090 60.2
>
71.200 36.5
-158.770 60.5
>
71.200 36.5
-157.190 60.5
>
71.200 36.5
-155.890 60.7
>
71.200 36.5
-154.480 60.8
>
71.200 36.5
-152.210 61.2
>
71.200 36.5
-144.600 61.6
>
71.200 36.5
-137.090 61.5
>
71.200 36.5
-135.780 61.5
>
71.200 36.5
-133.080 61.1
>
71.200 36.5
-154.320 60.2
>
71.200 36.5
-152.620 60.1
>
71.200 36.5
-149.720 60.5
>
71.200 36.5
-140.190 60.8
>
71.200 36.5
-138.580 60.3
>
71.200 36.5
-136.090 60.8
>
71.200 36.5
-136.960 60.1
>
71.200 36.5
-132.820 60.2
>
71.200 36.5
-147.430 65.1
>
71.200 36.5
-147.860 64.9
>
71.200 36.5
-149.570 68.6
>
71.200 36.5
-141.160 64.8
>
71.200 36.5
-125.070 60.2
>
71.200 36.5
-124.050 60.1
>
63.300 25.2
-165.370 64.6
>
63.300 25.2
-143.280 60.1
>
63.300 25.2
-144.610 61.0
>
63.300 25.2
-150.990 64.1
>
63.300 25.2
-151.150 60.8
>
63.300 25.2
-152.080 63.4
>
63.300 25.2
-152.320 63.9
>
63.300 25.2
-150.200 67.2
>
63.300 25.2
-143.090 60.8
>
63.300 25.2
-141.340 61.0
>
63.300 25.2
-150.260 62.4
>
63.300 25.2
-147.380 63.1
>
63.300 25.2
-145.750 60.5
>
63.300 25.2
-171.700 63.8
>
63.300 25.2
-156.880 64.8
>
63.300 25.2
-147.100 60.9
>
63.300 25.2
-146.950 64.4
>
63.300 25.2
-145.920 61.5
>
63.300 25.2
-148.460 61.4
>
63.300 25.2
-143.020 61.4
>
63.300 25.2
-148.940 63.7
>
63.300 25.2
-141.950 60.2
>
63.300 25.2
-150.740 65.0
>
63.300 25.2
-149.070 64.6
>
63.300 25.2
-145.470 63.0
>
63.300 25.2
-140.250 60.1
>
63.300 25.2
-145.520 65.5
>
63.300 25.2
-152.190 62.9
>
63.300 25.2
-148.330 60.9
>
63.300 25.2
-149.740 61.1
>
63.300 25.2
-162.910 68.0
>
63.300 25.2
-144.850 63.7
>
63.300 25.2
-148.330 61.8
>
63.300 25.2
-147.330 61.8
>
63.300 25.2
-143.990 64.0
>
63.300 25.2
-151.530 62.0
>
63.300 25.2
-150.750 61.5
>
63.300 25.2
-149.450 60.1
>
63.300 25.2
-167.930 65.6
>
63.300 25.2
-150.290 63.5
>
63.300 25.2
-148.550 62.8
>
63.300 25.2
-147.740 62.6
>
63.300 25.2
-149.130 61.6
>
63.300 25.2
-156.010 62.9
>
63.300 25.2
-152.210 61.2
>
63.300 25.2
-140.860 62.4
>
63.300 25.2
-139.390 64.1
>
63.300 25.2
-137.500 60.8
>
63.300 25.2
-133.530 68.3
>
63.300 25.2
-134.880 60.7
>
63.300 25.2
-140.460 61.8
>
63.300 25.2
-138.550 61.4
>
63.300 25.2
-138.360 60.9
>
63.300 25.2
-139.760 61.3
>
63.300 25.2
-147.860 64.9
>
63.300 25.2
-133.350 62.2
>
63.300 25.2
-123.480 60.2
>
63.300 25.2
-135.890 63.6
>
63.300 25.2
-131.260 62.6
>
63.300 25.2
-128.270 61.5
>
63.300 25.2
-123.460 63.2
>
63.300 25.2
-128.800 60.1
>
63.300 25.2
-161.070 70.2
>
63.300 25.2
-156.620 71.3
>
63.300 25.2
-154.970 71.0
>
63.300 25.2
-125.250 72.0
>
63.300 25.2
-161.800 69.4
>
63.300 25.2
-157.160 70.0
>
63.300 25.2
-154.610 69.6
>
63.300 25.2
-153.420 70.3
>
63.300 25.2
-165.340 68.3
>
63.300 25.2
-163.180 68.5
>
63.300 25.2
-161.190 68.7
>
63.300 25.2
-159.590 69.1
>
63.300 25.2
-154.780 69.2
>
63.300 25.2
-150.610 69.8
>
63.300 25.2
-148.700 69.7
>
63.300 25.2
-144.910 69.9
>
63.300 25.2
-143.710 69.6
>
63.300 25.2
-124.070 69.3
>
63.300 25.2
-163.080 67.7
>
63.300 25.2
-158.120 68.5
>
63.300 25.2
-156.610 68.7
>
63.300 25.2
-152.680 68.9
>
63.300 25.2
-150.680 69.0
>
63.300 25.2
-148.820 69.2
>
63.300 25.2
-146.380 69.3
>
63.300 25.2
-140.960 69.2
>
63.300 25.2
-138.740 69.3
>
63.300 25.2
-161.830 67.1
>
63.300 25.2
-160.600 67.4
>
63.300 25.2
-157.230 67.5
>
63.300 25.2
-156.190 68.3
>
63.300 25.2
-153.970 68.4
>
63.300 25.2
-151.810 68.1
>
63.300 25.2
-149.620 68.1
>
63.300 25.2
-148.490 68.1
>
63.300 25.2
-145.570 68.1
>
63.300 25.2
-141.600 68.2
>
63.300 25.2
-139.530 68.6
>
63.300 25.2
-137.900 68.4
>
63.300 25.2
-136.720 66.4
>
63.300 25.2
-166.330 65.5
>
63.300 25.2
-164.650 65.7
>
63.300 25.2
-161.250 66.4
>
63.300 25.2
-159.650 66.6
>
63.300 25.2
-157.770 66.8
>
63.300 25.2
-155.730 67.0
>
63.300 25.2
-153.480 67.2
>
63.300 25.2
-152.180 67.5
>
63.300 25.2
-147.890 67.5
>
63.300 25.2
-145.640 67.6
>
63.300 25.2
-144.150 67.7
>
63.300 25.2
-139.870 67.6
>
63.300 25.2
-135.790 67.6
>
63.300 25.2
-133.740 67.4
>
63.300 25.2
-164.040 65.0
>
63.300 25.2
-162.350 65.4
>
63.300 25.2
-160.650 65.5
>
63.300 25.2
-158.650 65.9
>
63.300 25.2
-157.090 66.1
>
63.300 25.2
-153.510 66.5
>
63.300 25.2
-151.510 66.9
>
63.300 25.2
-150.020 66.7
>
63.300 25.2
-147.480 66.7
>
63.300 25.2
-146.100 66.8
>
63.300 25.2
-143.780 67.0
>
63.300 25.2
-141.650 66.8
>
63.300 25.2
-138.020 66.9
>
63.300 25.2
-136.220 67.0
>
63.300 25.2
-134.270 66.9
>
63.300 25.2
-162.240 64.6
>
63.300 25.2
-159.910 64.9
>
63.300 25.2
-158.360 65.2
>
63.300 25.2
-156.450 65.5
>
63.300 25.2
-154.880 65.5
>
63.300 25.2
-152.810 65.7
>
63.300 25.2
-151.380 65.9
>
63.300 25.2
-149.540 65.8
>
63.300 25.2
-147.880 65.8
>
63.300 25.2
-145.820 66.3
>
63.300 25.2
-141.530 66.2
>
63.300 25.2
-138.370 66.2
>
63.300 25.2
-134.340 65.8
>
63.300 25.2
-145.160 62.4
>
63.300 25.2
-160.690 63.9
>
63.300 25.2
-154.480 64.8
>
63.300 25.2
-151.980 65.2
>
63.300 25.2
-149.360 65.2
>
63.300 25.2
-143.150 65.3
>
63.300 25.2
-141.620 65.6
>
63.300 25.2
-139.940 65.5
>
63.300 25.2
-138.310 65.4
>
63.300 25.2
-136.380 65.2
>
63.300 25.2
-163.550 62.8
>
63.300 25.2
-160.600 63.3
>
63.300 25.2
-159.080 63.4
>
63.300 25.2
-156.720 63.5
>
63.300 25.2
-155.620 64.0
>
63.300 25.2
-154.150 64.2
>
63.300 25.2
-145.370 64.6
>
63.300 25.2
-143.560 64.5
>
63.300 25.2
-138.220 64.5
>
63.300 25.2
-136.330 64.6
>
63.300 25.2
-164.660 61.9
>
63.300 25.2
-161.530 62.3
>
63.300 25.2
-158.300 62.7
>
63.300 25.2
-154.070 63.4
>
63.300 25.2
-145.780 63.8
>
63.300 25.2
-142.080 64.0
>
63.300 25.2
-137.520 63.8
>
63.300 25.2
-162.680 61.3
>
63.300 25.2
-161.490 61.7
>
63.300 25.2
-159.470 61.7
>
63.300 25.2
-158.300 62.1
>
63.300 25.2
-156.690 62.2
>
63.300 25.2
-154.850 62.2
>
63.300 25.2
-153.880 62.5
>
63.300 25.2
-143.350 63.0
>
63.300 25.2
-141.830 63.1
>
63.300 25.2
-138.130 63.1
>
63.300 25.2
-166.200 60.4
>
63.300 25.2
-163.350 60.4
>
63.300 25.2
-161.960 60.8
>
63.300 25.2
-160.690 60.7
>
63.300 25.2
-158.960 61.0
>
63.300 25.2
-157.440 61.4
>
63.300 25.2
-155.820 61.5
>
63.300 25.2
-154.390 61.9
>
63.300 25.2
-153.130 61.9
>
63.300 25.2
-150.120 61.8
>
63.300 25.2
-147.730 61.8
>
63.300 25.2
-146.180 62.1
>
63.300 25.2
-143.000 62.4
>
63.300 25.2
-141.880 62.4
>
63.300 25.2
-138.460 62.4
>
63.300 25.2
-136.790 62.6
>
63.300 25.2
-134.390 62.2
>
63.300 25.2
-160.090 60.2
>
63.300 25.2
-158.770 60.5
>
63.300 25.2
-157.190 60.5
>
63.300 25.2
-155.890 60.7
>
63.300 25.2
-154.480 60.8
>
63.300 25.2
-152.210 61.2
>
63.300 25.2
-144.600 61.6
>
63.300 25.2
-137.090 61.5
>
63.300 25.2
-135.780 61.5
>
63.300 25.2
-133.080 61.1
>
63.300 25.2
-154.320 60.2
>
63.300 25.2
-152.620 60.1
>
63.300 25.2
-149.720 60.5
>
63.300 25.2
-140.190 60.8
>
63.300 25.2
-138.580 60.3
>
63.300 25.2
-136.090 60.8
>
63.300 25.2
-136.960 60.1
>
63.300 25.2
-132.820 60.2
>
63.300 25.2
-147.430 65.1
>
63.300 25.2
-147.860 64.9
>
63.300 25.2
-149.570 68.6
>
63.300 25.2
-141.160 64.8
>
63.300 25.2
-125.070 60.2
>
63.300 25.2
-124.050 60.1
>
82.800 44.3
-165.370 64.6
>
82.800 44.3
-143.280 60.1
>
82.800 44.3
-144.610 61.0
>
82.800 44.3
-150.990 64.1
>
82.800 44.3
-151.150 60.8
>
82.800 44.3
-152.080 63.4
>
82.800 44.3
-152.320 63.9
>
82.800 44.3
-150.200 67.2
>
82.800 44.3
-143.090 60.8
>
82.800 44.3
-141.340 61.0
>
82.800 44.3
-150.260 62.4
>
82.800 44.3
-147.380 63.1
>
82.800 44.3
-145.750 60.5
>
82.800 44.3
-171.700 63.8
>
82.800 44.3
-156.880 64.8
>
82.800 44.3
-147.100 60.9
>
82.800 44.3
-146.950 64.4
>
82.800 44.3
-145.920 61.5
>
82.800 44.3
-148.460 61.4
>
82.800 44.3
-143.020 61.4
>
82.800 44.3
-148.940 63.7
>
82.800 44.3
-141.950 60.2
>
82.800 44.3
-150.740 65.0
>
82.800 44.3
-149.070 64.6
>
82.800 44.3
-145.470 63.0
>
82.800 44.3
-140.250 60.1
>
82.800 44.3
-145.520 65.5
>
82.800 44.3
-152.190 62.9
>
82.800 44.3
-148.330 60.9
>
82.800 44.3
-149.740 61.1
>
82.800 44.3
-162.910 68.0
>
82.800 44.3
-144.850 63.7
>
82.800 44.3
-148.330 61.8
>
82.800 44.3
-147.330 61.8
>
82.800 44.3
-143.990 64.0
>
82.800 44.3
-151.530 62.0
>
82.800 44.3
-150.750 61.5
>
82.800 44.3
-149.450 60.1
>
82.800 44.3
-167.930 65.6
>
82.800 44.3
-150.290 63.5
>
82.800 44.3
-148.550 62.8
>
82.800 44.3
-147.740 62.6
>
82.800 44.3
-149.130 61.6
>
82.800 44.3
-156.010 62.9
>
82.800 44.3
-152.210 61.2
>
82.800 44.3
-140.860 62.4
>
82.800 44.3
-139.390 64.1
>
82.800 44.3
-137.500 60.8
>
82.800 44.3
-133.530 68.3
>
82.800 44.3
-134.880 60.7
>
82.800 44.3
-140.460 61.8
>
82.800 44.3
-138.550 61.4
>
82.800 44.3
-138.360 60.9
>
82.800 44.3
-139.760 61.3
>
82.800 44.3
-147.860 64.9
>
82.800 44.3
-133.350 62.2
>
82.800 44.3
-123.480 60.2
>
82.800 44.3
-135.890 63.6
>
82.800 44.3
-131.260 62.6
>
82.800 44.3
-128.270 61.5
>
82.800 44.3
-123.460 63.2
>
82.800 44.3
-128.800 60.1
>
82.800 44.3
-161.070 70.2
>
82.800 44.3
-156.620 71.3
>
82.800 44.3
-154.970 71.0
>
82.800 44.3
-125.250 72.0
>
82.800 44.3
-161.800 69.4
>
82.800 44.3
-157.160 70.0
>
82.800 44.3
-154.610 69.6
>
82.800 44.3
-153.420 70.3
>
82.800 44.3
-165.340 68.3
>
82.800 44.3
-163.180 68.5
>
82.800 44.3
-161.190 68.7
>
82.800 44.3
-159.590 69.1
>
82.800 44.3
-154.780 69.2
>
82.800 44.3
-150.610 69.8
>
82.800 44.3
-148.700 69.7
>
82.800 44.3
-144.910 69.9
>
82.800 44.3
-143.710 69.6
>
82.800 44.3
-124.070 69.3
>
82.800 44.3
-163.080 67.7
>
82.800 44.3
-158.120 68.5
>
82.800 44.3
-156.610 68.7
>
82.800 44.3
-152.680 68.9
>
82.800 44.3
-150.680 69.0
>
82.800 44.3
-148.820 69.2
>
82.800 44.3
-146.380 69.3
>
82.800 44.3
-140.960 69.2
>
82.800 44.3
-138.740 69.3
>
82.800 44.3
-161.830 67.1
>
82.800 44.3
-160.600 67.4
>
82.800 44.3
-157.230 67.5
>
82.800 44.3
-156.190 68.3
>
82.800 44.3
-153.970 68.4
>
82.800 44.3
-151.810 68.1
>
82.800 44.3
-149.620 68.1
>
82.800 44.3
-148.490 68.1
>
82.800 44.3
-145.570 68.1
>
82.800 44.3
-141.600 68.2
>
82.800 44.3
-139.530 68.6
>
82.800 44.3
-137.900 68.4
>
82.800 44.3
-136.720 66.4
>
82.800 44.3
-166.330 65.5
>
82.800 44.3
-164.650 65.7
>
82.800 44.3
-161.250 66.4
>
82.800 44.3
-159.650 66.6
>
82.800 44.3
-157.770 66.8
>
82.800 44.3
-155.730 67.0
>
82.800 44.3
-153.480 67.2
>
82.800 44.3
-152.180 67.5
>
82.800 44.3
-147.890 67.5
>
82.800 44.3
-145.640 67.6
>
82.800 44.3
-144.150 67.7
>
82.800 44.3
-139.870 67.6
>
82.800 44.3
-135.790 67.6
>
82.800 44.3
-133.740 67.4
>
82.800 44.3
-164.040 65.0
>
82.800 44.3
-162.350 65.4
>
82.800 44.3
-160.650 65.5
>
82.800 44.3
-158.650 65.9
>
82.800 44.3
-157.090 66.1
>
82.800 44.3
-153.510 66.5
>
82.800 44.3
-151.510 66.9
>
82.800 44.3
-150.020 66.7
>
82.800 44.3
-147.480 66.7
>
82.800 44.3
-146.100 66.8
>
82.800 44.3
-143.780 67.0
>
82.800 44.3
-141.650 66.8
>
82.800 44.3
-138.020 66.9
>
82.800 44.3
-136.220 67.0
>
82.800 44.3
-134.270 66.9
>
82.800 44.3
-162.240 64.6
>
82.800 44.3
-159.910 64.9
>
82.800 44.3
-158.360 65.2
>
82.800 44.3
-156.450 65.5
>
82.800 44.3
-154.880 65.5
>
82.800 44.3
-152.810 65.7
>
82.800 44.3
-151.380 65.9
>
82.800 44.3
-149.540 65.8
>
82.800 44.3
-147.880 65.8
>
82.800 44.3
-145.820 66.3
>
82.800 44.3
-141.530 66.2
>
82.800 44.3
-138.370 66.2
>
82.800 44.3
-134.340 65.8
>
82.800 44.3
-145.160 62.4
>
82.800 44.3
-160.690 63.9
>
82.800 44.3
-154.480 64.8
>
82.800 44.3
-151.980 65.2
>
82.800 44.3
-149.360 65.2
>
82.800 44.3
-143.150 65.3
>
82.800 44.3
-141.620 65.6
>
82.800 44.3
-139.940 65.5
>
82.800 44.3
-138.310 65.4
>
82.800 44.3
-136.380 65.2
>
82.800 44.3
-163.550 62.8
>
82.800 44.3
-160.600 63.3
>
82.800 44.3
-159.080 63.4
>
82.800 44.3
-156.720 63.5
>
82.800 44.3
-155.620 64.0
>
82.800 44.3
-154.150 64.2
>
82.800 44.3
-145.370 64.6
>
82.800 44.3
-143.560 64.5
>
82.800 44.3
-138.220 64.5
>
82.800 44.3
-136.330 64.6
>
82.800 44.3
-164.660 61.9
>
82.800 44.3
-161.530 62.3
>
82.800 44.3
-158.300 62.7
>
82.800 44.3
-154.070 63.4
>
82.800 44.3
-145.780 63.8
>
82.800 44.3
-142.080 64.0
>
82.800 44.3
-137.520 63.8
>
82.800 44.3
-162.680 61.3
>
82.800 44.3
-161.490 61.7
>
82.800 44.3
-159.470 61.7
>
82.800 44.3
-158.300 62.1
>
82.800 44.3
-156.690 62.2
>
82.800 44.3
-154.850 62.2
>
82.800 44.3
-153.880 62.5
>
82.800 44.3
-143.350 63.0
>
82.800 44.3
-141.830 63.1
>
82.800 44.3
-138.130 63.1
>
82.800 44.3
-166.200 60.4
>
82.800 44.3
-163.350 60.4
>
82.800 44.3
-161.960 60.8
>
82.800 44.3
-160.690 60.7
>
82.800 44.3
-158.960 61.0
>
82.800 44.3
-157.440 61.4
>
82.800 44.3
-155.820 61.5
>
82.800 44.3
-154.390 61.9
>
82.800 44.3
-153.130 61.9
>
82.800 44.3
-150.120 61.8
>
82.800 44.3
-147.730 61.8
>
82.800 44.3
-146.180 62.1
>
82.800 44.3
-143.000 62.4
>
82.800 44.3
-141.880 62.4
>
82.800 44.3
-138.460 62.4
>
82.800 44.3
-136.790 62.6
>
82.800 44.3
-134.390 62.2
>
82.800 44.3
-160.090 60.2
>
82.800 44.3
-158.770 60.5
>
82.800 44.3
-157.190 60.5
>
82.800 44.3
-155.890 60.7
>
82.800 44.3
-154.480 60.8
>
82.800 44.3
-152.210 61.2
>
82.800 44.3
-144.600 61.6
>
82.800 44.3
-137.090 61.5
>
82.800 44.3
-135.780 61.5
>
82.800 44.3
-133.080 61.1
>
82.800 44.3
-154.320 60.2
>
82.800 44.3
-152.620 60.1
>
82.800 44.3
-149.720 60.5
>
82.800 44.3
-140.190 60.8
>
82.800 44.3
-138.580 60.3
>
82.800 44.3
-136.090 60.8
>
82.800 44.3
-136.960 60.1
>
82.800 44.3
-132.820 60.2
>
82.800 44.3
-147.430 65.1
>
82.800 44.3
-147.860 64.9
>
82.800 44.3
-149.570 68.6
>
82.800 44.3
-141.160 64.8
>
82.800 44.3
-125.070 60.2
>
82.800 44.3
-124.050 60.1
>
45.900 34.9
-165.370 64.6
>
45.900 34.9
-143.280 60.1
>
45.900 34.9
-144.610 61.0
>
45.900 34.9
-150.990 64.1
>
45.900 34.9
-151.150 60.8
>
45.900 34.9
-152.080 63.4
>
45.900 34.9
-152.320 63.9
>
45.900 34.9
-150.200 67.2
>
45.900 34.9
-143.090 60.8
>
45.900 34.9
-141.340 61.0
>
45.900 34.9
-150.260 62.4
>
45.900 34.9
-147.380 63.1
>
45.900 34.9
-145.750 60.5
>
45.900 34.9
-171.700 63.8
>
45.900 34.9
-156.880 64.8
>
45.900 34.9
-147.100 60.9
>
45.900 34.9
-146.950 64.4
>
45.900 34.9
-145.920 61.5
>
45.900 34.9
-148.460 61.4
>
45.900 34.9
-143.020 61.4
>
45.900 34.9
-148.940 63.7
>
45.900 34.9
-141.950 60.2
>
45.900 34.9
-150.740 65.0
>
45.900 34.9
-149.070 64.6
>
45.900 34.9
-145.470 63.0
>
45.900 34.9
-140.250 60.1
>
45.900 34.9
-145.520 65.5
>
45.900 34.9
-152.190 62.9
>
45.900 34.9
-148.330 60.9
>
45.900 34.9
-149.740 61.1
>
45.900 34.9
-162.910 68.0
>
45.900 34.9
-144.850 63.7
>
45.900 34.9
-148.330 61.8
>
45.900 34.9
-147.330 61.8
>
45.900 34.9
-143.990 64.0
>
45.900 34.9
-151.530 62.0
>
45.900 34.9
-150.750 61.5
>
45.900 34.9
-149.450 60.1
>
45.900 34.9
-167.930 65.6
>
45.900 34.9
-150.290 63.5
>
45.900 34.9
-148.550 62.8
>
45.900 34.9
-147.740 62.6
>
45.900 34.9
-149.130 61.6
>
45.900 34.9
-156.010 62.9
>
45.900 34.9
-152.210 61.2
>
45.900 34.9
-140.860 62.4
>
45.900 34.9
-139.390 64.1
>
45.900 34.9
-137.500 60.8
>
45.900 34.9
-133.530 68.3
>
45.900 34.9
-134.880 60.7
>
45.900 34.9
-140.460 61.8
>
45.900 34.9
-138.550 61.4
>
45.900 34.9
-138.360 60.9
>
45.900 34.9
-139.760 61.3
>
45.900 34.9
-147.860 64.9
>
45.900 34.9
-133.350 62.2
>
45.900 34.9
-123.480 60.2
>
45.900 34.9
-135.890 63.6
>
45.900 34.9
-131.260 62.6
>
45.900 34.9
-128.270 61.5
>
45.900 34.9
-123.460 63.2
>
45.900 34.9
-128.800 60.1
>
45.900 34.9
-161.070 70.2
>
45.900 34.9
-156.620 71.3
>
45.900 34.9
-154.970 71.0
>
45.900 34.9
-125.250 72.0
>
45.900 34.9
-161.800 69.4
>
45.900 34.9
-157.160 70.0
>
45.900 34.9
-154.610 69.6
>
45.900 34.9
-153.420 70.3
>
45.900 34.9
-165.340 68.3
>
45.900 34.9
-163.180 68.5
>
45.900 34.9
-161.190 68.7
>
45.900 34.9
-159.590 69.1
>
45.900 34.9
-154.780 69.2
>
45.900 34.9
-150.610 69.8
>
45.900 34.9
-148.700 69.7
>
45.900 34.9
-144.910 69.9
>
45.900 34.9
-143.710 69.6
>
45.900 34.9
-124.070 69.3
>
45.900 34.9
-163.080 67.7
>
45.900 34.9
-158.120 68.5
>
45.900 34.9
-156.610 68.7
>
45.900 34.9
-152.680 68.9
>
45.900 34.9
-150.680 69.0
>
45.900 34.9
-148.820 69.2
>
45.900 34.9
-146.380 69.3
>
45.900 34.9
-140.960 69.2
>
45.900 34.9
-138.740 69.3
>
45.900 34.9
-161.830 67.1
>
45.900 34.9
-160.600 67.4
>
45.900 34.9
-157.230 67.5
>
45.900 34.9
-156.190 68.3
>
45.900 34.9
-153.970 68.4
>
45.900 34.9
-151.810 68.1
>
45.900 34.9
-149.620 68.1
>
45.900 34.9
-148.490 68.1
>
45.900 34.9
-145.570 68.1
>
45.900 34.9
-141.600 68.2
>
45.900 34.9
-139.530 68.6
>
45.900 34.9
-137.900 68.4
>
45.900 34.9
-136.720 66.4
>
45.900 34.9
-166.330 65.5
>
45.900 34.9
-164.650 65.7
>
45.900 34.9
-161.250 66.4
>
45.900 34.9
-159.650 66.6
>
45.900 34.9
-157.770 66.8
>
45.900 34.9
-155.730 67.0
>
45.900 34.9
-153.480 67.2
>
45.900 34.9
-152.180 67.5
>
45.900 34.9
-147.890 67.5
>
45.900 34.9
-145.640 67.6
>
45.900 34.9
-144.150 67.7
>
45.900 34.9
-139.870 67.6
>
45.900 34.9
-135.790 67.6
>
45.900 34.9
-133.740 67.4
>
45.900 34.9
-164.040 65.0
>
45.900 34.9
-162.350 65.4
>
45.900 34.9
-160.650 65.5
>
45.900 34.9
-158.650 65.9
>
45.900 34.9
-157.090 66.1
>
45.900 34.9
-153.510 66.5
>
45.900 34.9
-151.510 66.9
>
45.900 34.9
-150.020 66.7
>
45.900 34.9
-147.480 66.7
>
45.900 34.9
-146.100 66.8
>
45.900 34.9
-143.780 67.0
>
45.900 34.9
-141.650 66.8
>
45.900 34.9
-138.020 66.9
>
45.900 34.9
-136.220 67.0
>
45.900 34.9
-134.270 66.9
>
45.900 34.9
-162.240 64.6
>
45.900 34.9
-159.910 64.9
>
45.900 34.9
-158.360 65.2
>
45.900 34.9
-156.450 65.5
>
45.900 34.9
-154.880 65.5
>
45.900 34.9
-152.810 65.7
>
45.900 34.9
-151.380 65.9
>
45.900 34.9
-149.540 65.8
>
45.900 34.9
-147.880 65.8
>
45.900 34.9
-145.820 66.3
>
45.900 34.9
-141.530 66.2
>
45.900 34.9
-138.370 66.2
>
45.900 34.9
-134.340 65.8
>
45.900 34.9
-145.160 62.4
>
45.900 34.9
-160.690 63.9
>
45.900 34.9
-154.480 64.8
>
45.900 34.9
-151.980 65.2
>
45.900 34.9
-149.360 65.2
>
45.900 34.9
-143.150 65.3
>
45.900 34.9
-141.620 65.6
>
45.900 34.9
-139.940 65.5
>
45.900 34.9
-138.310 65.4
>
45.900 34.9
-136.380 65.2
>
45.900 34.9
-163.550 62.8
>
45.900 34.9
-160.600 63.3
>
45.900 34.9
-159.080 63.4
>
45.900 34.9
-156.720 63.5
>
45.900 34.9
-155.620 64.0
>
45.900 34.9
-154.150 64.2
>
45.900 34.9
-145.370 64.6
>
45.900 34.9
-143.560 64.5
>
45.900 34.9
-138.220 64.5
>
45.900 34.9
-136.330 64.6
>
45.900 34.9
-164.660 61.9
>
45.900 34.9
-161.530 62.3
>
45.900 34.9
-158.300 62.7
>
45.900 34.9
-154.070 63.4
>
45.900 34.9
-145.780 63.8
>
45.900 34.9
-142.080 64.0
>
45.900 34.9
-137.520 63.8
>
45.900 34.9
-162.680 61.3
>
45.900 34.9
-161.490 61.7
>
45.900 34.9
-159.470 61.7
>
45.900 34.9
-158.300 62.1
>
45.900 34.9
-156.690 62.2
>
45.900 34.9
-154.850 62.2
>
45.900 34.9
-153.880 62.5
>
45.900 34.9
-143.350 63.0
>
45.900 34.9
-141.830 63.1
>
45.900 34.9
-138.130 63.1
>
45.900 34.9
-166.200 60.4
>
45.900 34.9
-163.350 60.4
>
45.900 34.9
-161.960 60.8
>
45.900 34.9
-160.690 60.7
>
45.900 34.9
-158.960 61.0
>
45.900 34.9
-157.440 61.4
>
45.900 34.9
-155.820 61.5
>
45.900 34.9
-154.390 61.9
>
45.900 34.9
-153.130 61.9
>
45.900 34.9
-150.120 61.8
>
45.900 34.9
-147.730 61.8
>
45.900 34.9
-146.180 62.1
>
45.900 34.9
-143.000 62.4
>
45.900 34.9
-141.880 62.4
>
45.900 34.9
-138.460 62.4
>
45.900 34.9
-136.790 62.6
>
45.900 34.9
-134.390 62.2
>
45.900 34.9
-160.090 60.2
>
45.900 34.9
-158.770 60.5
>
45.900 34.9
-157.190 60.5
>
45.900 34.9
-155.890 60.7
>
45.900 34.9
-154.480 60.8
>
45.900 34.9
-152.210 61.2
>
45.900 34.9
-144.600 61.6
>
45.900 34.9
-137.090 61.5
>
45.900 34.9
-135.780 61.5
>
45.900 34.9
-133.080 61.1
>
45.900 34.9
-154.320 60.2
>
45.900 34.9
-152.620 60.1
>
45.900 34.9
-149.720 60.5
>
45.900 34.9
-140.190 60.8
>
45.900 34.9
-138.580 60.3
>
45.900 34.9
-136.090 60.8
>
45.900 34.9
-136.960 60.1
>
45.900 34.9
-132.820 60.2
>
45.900 34.9
-147.430 65.1
>
45.900 34.9
-147.860 64.9
>
45.900 34.9
-149.570 68.6
>
45.900 34.9
-141.160 64.8
>
45.900 34.9
-125.070 60.2
>
45.900 34.9
-124.050 60.1
>
70.800 36.5
-165.370 64.6
>
70.800 36.5
-143.280 60.1
>
70.800 36.5
-144.610 61.0
>
70.800 36.5
-150.990 64.1
>
70.800 36.5
-151.150 60.8
>
70.800 36.5
-152.080 63.4
>
70.800 36.5
-152.320 63.9
>
70.800 36.5
-150.200 67.2
>
70.800 36.5
-143.090 60.8
>
70.800 36.5
-141.340 61.0
>
70.800 36.5
-150.260 62.4
>
70.800 36.5
-147.380 63.1
>
70.800 36.5
-145.750 60.5
>
70.800 36.5
-171.700 63.8
>
70.800 36.5
-156.880 64.8
>
70.800 36.5
-147.100 60.9
>
70.800 36.5
-146.950 64.4
>
70.800 36.5
-145.920 61.5
>
70.800 36.5
-148.460 61.4
>
70.800 36.5
-143.020 61.4
>
70.800 36.5
-148.940 63.7
>
70.800 36.5
-141.950 60.2
>
70.800 36.5
-150.740 65.0
>
70.800 36.5
-149.070 64.6
>
70.800 36.5
-145.470 63.0
>
70.800 36.5
-140.250 60.1
>
70.800 36.5
-145.520 65.5
>
70.800 36.5
-152.190 62.9
>
70.800 36.5
-148.330 60.9
>
70.800 36.5
-149.740 61.1
>
70.800 36.5
-162.910 68.0
>
70.800 36.5
-144.850 63.7
>
70.800 36.5
-148.330 61.8
>
70.800 36.5
-147.330 61.8
>
70.800 36.5
-143.990 64.0
>
70.800 36.5
-151.530 62.0
>
70.800 36.5
-150.750 61.5
>
70.800 36.5
-149.450 60.1
>
70.800 36.5
-167.930 65.6
>
70.800 36.5
-150.290 63.5
>
70.800 36.5
-148.550 62.8
>
70.800 36.5
-147.740 62.6
>
70.800 36.5
-149.130 61.6
>
70.800 36.5
-156.010 62.9
>
70.800 36.5
-152.210 61.2
>
70.800 36.5
-140.860 62.4
>
70.800 36.5
-139.390 64.1
>
70.800 36.5
-137.500 60.8
>
70.800 36.5
-133.530 68.3
>
70.800 36.5
-134.880 60.7
>
70.800 36.5
-140.460 61.8
>
70.800 36.5
-138.550 61.4
>
70.800 36.5
-138.360 60.9
>
70.800 36.5
-139.760 61.3
>
70.800 36.5
-147.860 64.9
>
70.800 36.5
-133.350 62.2
>
70.800 36.5
-123.480 60.2
>
70.800 36.5
-135.890 63.6
>
70.800 36.5
-131.260 62.6
>
70.800 36.5
-128.270 61.5
>
70.800 36.5
-123.460 63.2
>
70.800 36.5
-128.800 60.1
>
70.800 36.5
-161.070 70.2
>
70.800 36.5
-156.620 71.3
>
70.800 36.5
-154.970 71.0
>
70.800 36.5
-125.250 72.0
>
70.800 36.5
-161.800 69.4
>
70.800 36.5
-157.160 70.0
>
70.800 36.5
-154.610 69.6
>
70.800 36.5
-153.420 70.3
>
70.800 36.5
-165.340 68.3
>
70.800 36.5
-163.180 68.5
>
70.800 36.5
-161.190 68.7
>
70.800 36.5
-159.590 69.1
>
70.800 36.5
-154.780 69.2
>
70.800 36.5
-150.610 69.8
>
70.800 36.5
-148.700 69.7
>
70.800 36.5
-144.910 69.9
>
70.800 36.5
-143.710 69.6
>
70.800 36.5
-124.070 69.3
>
70.800 36.5
-163.080 67.7
>
70.800 36.5
-158.120 68.5
>
70.800 36.5
-156.610 68.7
>
70.800 36.5
-152.680 68.9
>
70.800 36.5
-150.680 69.0
>
70.800 36.5
-148.820 69.2
>
70.800 36.5
-146.380 69.3
>
70.800 36.5
-140.960 69.2
>
70.800 36.5
-138.740 69.3
>
70.800 36.5
-161.830 67.1
>
70.800 36.5
-160.600 67.4
>
70.800 36.5
-157.230 67.5
>
70.800 36.5
-156.190 68.3
>
70.800 36.5
-153.970 68.4
>
70.800 36.5
-151.810 68.1
>
70.800 36.5
-149.620 68.1
>
70.800 36.5
-148.490 68.1
>
70.800 36.5
-145.570 68.1
>
70.800 36.5
-141.600 68.2
>
70.800 36.5
-139.530 68.6
>
70.800 36.5
-137.900 68.4
>
70.800 36.5
-136.720 66.4
>
70.800 36.5
-166.330 65.5
>
70.800 36.5
-164.650 65.7
>
70.800 36.5
-161.250 66.4
>
70.800 36.5
-159.650 66.6
>
70.800 36.5
-157.770 66.8
>
70.800 36.5
-155.730 67.0
>
70.800 36.5
-153.480 67.2
>
70.800 36.5
-152.180 67.5
>
70.800 36.5
-147.890 67.5
>
70.800 36.5
-145.640 67.6
>
70.800 36.5
-144.150 67.7
>
70.800 36.5
-139.870 67.6
>
70.800 36.5
-135.790 67.6
>
70.800 36.5
-133.740 67.4
>
70.800 36.5
-164.040 65.0
>
70.800 36.5
-162.350 65.4
>
70.800 36.5
-160.650 65.5
>
70.800 36.5
-158.650 65.9
>
70.800 36.5
-157.090 66.1
>
70.800 36.5
-153.510 66.5
>
70.800 36.5
-151.510 66.9
>
70.800 36.5
-150.020 66.7
>
70.800 36.5
-147.480 66.7
>
70.800 36.5
-146.100 66.8
>
70.800 36.5
-143.780 67.0
>
70.800 36.5
-141.650 66.8
>
70.800 36.5
-138.020 66.9
>
70.800 36.5
-136.220 67.0
>
70.800 36.5
-134.270 66.9
>
70.800 36.5
-162.240 64.6
>
70.800 36.5
-159.910 64.9
>
70.800 36.5
-158.360 65.2
>
70.800 36.5
-156.450 65.5
>
70.800 36.5
-154.880 65.5
>
70.800 36.5
-152.810 65.7
>
70.800 36.5
-151.380 65.9
>
70.800 36.5
-149.540 65.8
>
70.800 36.5
-147.880 65.8
>
70.800 36.5
-145.820 66.3
>
70.800 36.5
-141.530 66.2
>
70.800 36.5
-138.370 66.2
>
70.800 36.5
-134.340 65.8
>
70.800 36.5
-145.160 62.4
>
70.800 36.5
-160.690 63.9
>
70.800 36.5
-154.480 64.8
>
70.800 36.5
-151.980 65.2
>
70.800 36.5
-149.360 65.2
>
70.800 36.5
-143.150 65.3
>
70.800 36.5
-141.620 65.6
>
70.800 36.5
-139.940 65.5
>
70.800 36.5
-138.310 65.4
>
70.800 36.5
-136.380 65.2
>
70.800 36.5
-163.550 62.8
>
70.800 36.5
-160.600 63.3
>
70.800 36.5
-159.080 63.4
>
70.800 36.5
-156.720 63.5
>
70.800 36.5
-155.620 64.0
>
70.800 36.5
-154.150 64.2
>
70.800 36.5
-145.370 64.6
>
70.800 36.5
-143.560 64.5
>
70.800 36.5
-138.220 64.5
>
70.800 36.5
-136.330 64.6
>
70.800 36.5
-164.660 61.9
>
70.800 36.5
-161.530 62.3
>
70.800 36.5
-158.300 62.7
>
70.800 36.5
-154.070 63.4
>
70.800 36.5
-145.780 63.8
>
70.800 36.5
-142.080 64.0
>
70.800 36.5
-137.520 63.8
>
70.800 36.5
-162.680 61.3
>
70.800 36.5
-161.490 61.7
>
70.800 36.5
-159.470 61.7
>
70.800 36.5
-158.300 62.1
>
70.800 36.5
-156.690 62.2
>
70.800 36.5
-154.850 62.2
>
70.800 36.5
-153.880 62.5
>
70.800 36.5
-143.350 63.0
>
70.800 36.5
-141.830 63.1
>
70.800 36.5
-138.130 63.1
>
70.800 36.5
-166.200 60.4
>
70.800 36.5
-163.350 60.4
>
70.800 36.5
-161.960 60.8
>
70.800 36.5
-160.690 60.7
>
70.800 36.5
-158.960 61.0
>
70.800 36.5
-157.440 61.4
>
70.800 36.5
-155.820 61.5
>
70.800 36.5
-154.390 61.9
>
70.800 36.5
-153.130 61.9
>
70.800 36.5
-150.120 61.8
>
70.800 36.5
-147.730 61.8
>
70.800 36.5
-146.180 62.1
>
70.800 36.5
-143.000 62.4
>
70.800 36.5
-141.880 62.4
>
70.800 36.5
-138.460 62.4
>
70.800 36.5
-136.790 62.6
>
70.800 36.5
-134.390 62.2
>
70.800 36.5
-160.090 60.2
>
70.800 36.5
-158.770 60.5
>
70.800 36.5
-157.190 60.5
>
70.800 36.5
-155.890 60.7
>
70.800 36.5
-154.480 60.8
>
70.800 36.5
-152.210 61.2
>
70.800 36.5
-144.600 61.6
>
70.800 36.5
-137.090 61.5
>
70.800 36.5
-135.780 61.5
>
70.800 36.5
-133.080 61.1
>
70.800 36.5
-154.320 60.2
>
70.800 36.5
-152.620 60.1
>
70.800 36.5
-149.720 60.5
>
70.800 36.5
-140.190 60.8
>
70.800 36.5
-138.580 60.3
>
70.800 36.5
-136.090 60.8
>
70.800 36.5
-136.960 60.1
>
70.800 36.5
-132.820 60.2
>
70.800 36.5
-147.430 65.1
>
70.800 36.5
-147.860 64.9
>
70.800 36.5
-149.570 68.6
>
70.800 36.5
-141.160 64.8
>
70.800 36.5
-125.070 60.2
>
70.800 36.5
-124.050 60.1
>
