19.9936 60.178 84 5.6 36
19.9936 60.178 -77 5.6 42
19.9936 60.178 75 5.6 24
19.9936 60.178 64 5.6 48
19.9936 60.178 88 5.6 42
19.9936 60.178 61 5.6 36
19.9936 60.178 77 5.6 36
19.9936 60.178 76 5.6 36
19.9936 60.178 87 5.6 30
6.9974 62.1783 5 5.6 42
25.5058 69.5349 10 5.6 66
25.5058 69.5349 2 5.6 66
25.5058 69.5349 20 5.6 66
25.5058 69.5349 2 5.6 48
25.5058 69.5349 5 5.6 66
25.5058 69.5349 5 5.6 66
25.5058 69.5349 17 5.6 48
25.5058 69.5349 26 5.6 48
25.9841 59.4365 31 5.6 48
25.9841 59.4365 29 5.6 66
25.5057 69.5349 10 5.6 66
25.5057 69.5349 5 5.6 72
25.5057 69.5349 19 5.6 48
25.5057 69.5349 17 5.6 60
25.5057 69.5349 6 5.6 54
25.5057 69.5349 14 5.6 66
25.5057 69.5349 2 5.6 48
25.5057 69.5349 14 5.6 60
25.5057 69.5349 18 5.6 42
25.5057 69.5349 28 5.6 48
25.5057 69.5349 30 5.6 48
25.5057 69.5349 17 5.6 54
25.5057 69.5349 41 5.6 84
25.5057 69.5349 8 5.6 54
25.5057 69.5349 14 5.6 54
25.5057 69.5349 6 5.6 42
25.5057 69.5349 12 5.6 60
25.5057 69.5349 12 5.6 54
25.5057 69.5349 10 5.6 42
25.5057 69.5349 -1 5.6 60
25.5057 69.5349 13 5.6 60
25.5057 69.5349 10 5.6 48
25.5057 69.5349 5 5.6 96
25.5057 69.5349 16 5.6 54
25.5057 69.5349 8 5.6 66
25.5057 69.5349 28 5.6 54
25.5057 69.5349 10 5.6 54
25.5057 69.5349 12 5.6 72
16.9734 66.2421 53 5.6 24
16.9734 66.2421 39 5.6 72
16.9734 66.2421 62 5.6 60
16.9734 66.2421 48 5.6 90
16.9734 66.2421 56 5.6 54
16.9734 66.2421 73 5.6 60
16.9734 66.2421 71 5.6 96
16.9734 66.2421 49 5.6 84
14.8288 58.8946 -82 5.6 60
14.8288 58.8946 86 5.6 102
14.8288 58.8946 -79 5.6 54
14.8288 58.8946 -81 5.6 60
16.5992 57.4185 -68 5.6 42
16.5992 57.4185 -18 5.6 84
16.5992 57.4185 -45 5.6 54
16.5992 57.4185 -78 5.6 60
17.1078 59.854 79 5.6 48
17.1078 59.854 70 5.6 42
17.1078 59.854 -79 5.6 72
17.1078 59.854 77 5.6 54
5.3348 60.3838 -22 5.6 78
5.3348 60.3838 -50 5.6 48
5.3348 60.3838 -34 5.6 42
5.3348 60.3838 -43 5.6 54
5.3348 60.3838 -27 5.6 36
5.3348 60.3838 -35 5.6 66
5.3348 60.3838 -9 5.6 60
5.3348 60.3838 -45 5.6 48
5.3348 60.3838 -33 5.6 48
5.3348 60.3838 -20 5.6 48
17.1007 63.9703 66 5.6 60
13.023 56.074 -77 5.6 90
13.023 56.074 -84 5.6 120
13.023 56.074 -76 5.6 102
13.023 56.074 -79 5.6 90
13.023 56.074 78 5.6 60
13.023 56.074 -45 5.6 66
13.023 56.074 -81 5.6 72
13.023 56.074 -72 5.6 54
13.023 56.074 -59 5.6 60
13.023 56.074 70 5.6 66
15.8145 56.304 -61 5.6 54
15.8145 56.304 -70 5.6 96
15.8145 56.304 -58 5.6 72
15.8145 56.304 -48 5.6 66
15.8145 56.304 -48 5.6 72
15.8145 56.304 -50 5.6 60
15.8145 56.304 7 5.6 42
15.8145 56.304 -34 5.6 78
15.8145 56.304 -30 5.6 90
15.8145 56.304 -30 5.6 108
6.456 59.4228 -13 5.6 114
6.456 59.4228 -17 5.6 120
6.456 59.4228 -17 5.6 84
6.456 59.4228 -12 5.6 78
6.456 59.4228 -10 5.6 90
6.456 59.4228 -18 5.6 84
6.456 59.4228 11 5.6 78
6.456 59.4228 -5 5.6 72
6.456 59.4228 -10 5.6 78
6.456 59.4228 -28 5.6 96
6.456 59.4228 -6 5.6 90
6.456 59.4228 -11 5.6 96
6.456 59.4228 -12 5.6 96
6.456 59.4228 1 5.6 72
6.456 59.4228 -7 5.6 102
6.456 59.4228 -70 5.6 36
6.456 59.4228 -16 5.6 96
6.456 59.4228 -21 5.6 90
6.456 59.4228 -5 5.6 78
12.7697 57.6345 -53 5.6 36
12.7697 57.6345 -72 5.6 36
12.7697 57.6345 5 5.6 48
12.7697 57.6345 -9 5.6 66
18.5777 63.8908 68 5.6 42
14.915 55.114 3 5.6 60
14.915 55.114 6 5.6 72
14.915 55.114 6 5.6 48
14.915 55.114 4 5.6 48
14.915 55.114 10 5.6 48
14.915 55.114 2 5.6 60
21.3769 64.5836 57 5.6 60
21.3769 64.5836 71 5.6 54
21.3769 64.5836 75 5.6 54
21.3769 64.5836 64 5.6 66
21.3769 64.5836 68 5.6 48
21.3769 64.5836 73 5.6 72
21.3769 64.5836 75 5.6 60
21.3769 64.5836 -68 5.6 54
21.3769 64.5836 -66 5.6 36
17.0083 57.2899 -73 5.6 90
17.0083 57.2899 87 5.6 42
17.0083 57.2899 -85 5.6 60
17.0083 57.2899 -78 5.6 66
17.0083 57.2899 -35 5.6 42
17.0083 57.2899 -74 5.6 72
17.0083 57.2899 -72 5.6 66
17.0083 57.2899 -22 5.6 72
17.0083 57.2899 -68 5.6 72
17.0083 57.2899 -12 5.6 66
17.0083 57.2899 80 5.6 60
17.0083 57.2899 -61 5.6 60
17.0083 57.2899 -53 5.6 66
12.4325 55.6853 -55 5.6 60
12.4325 55.6853 -41 5.6 42
12.4325 55.6853 -40 5.6 54
12.4325 55.6853 -49 5.6 60
12.4325 55.6853 -29 5.6 54
12.4325 55.6853 -33 5.6 54
12.4325 55.6853 -49 5.6 48
12.4325 55.6853 -54 5.6 48
12.4325 55.6853 -37 5.6 60
12.4325 55.6853 -63 5.6 54
12.4325 55.6853 -47 5.6 66
12.4325 55.6853 -45 5.6 48
12.4325 55.6853 -78 5.6 30
12.4325 55.6853 -49 5.6 42
12.4325 55.6853 -47 5.6 66
12.4325 55.6853 -38 5.6 42
13.87 56.47 -42 5.6 66
13.87 56.47 -78 5.6 30
13.87 56.47 -50 5.6 42
13.87 56.47 -36 5.6 84
13.87 56.47 -31 5.6 72
9.112 62.073 56 5.6 102
9.112 62.073 -79 5.6 72
20.5688 67.1215 40 5.6 90
20.5688 67.1215 56 5.6 72
20.5688 67.1215 62 5.6 30
20.5688 67.1215 79 5.6 72
20.5688 67.1215 26 5.6 42
20.5688 67.1215 79 5.6 90
20.5688 67.1215 75 5.6 84
20.5688 67.1215 16 5.6 60
20.5688 67.1215 -78 5.6 60
20.5688 67.1215 33 5.6 36
15.3016 57.5726 -17 5.6 60
22.1895 66.5541 76 5.6 66
22.1895 66.5541 68 5.6 90
22.1895 66.5541 38 5.6 48
22.1895 66.5541 40 5.6 72
22.1895 66.5541 78 5.6 102
22.1895 66.5541 37 5.6 42
22.1895 66.5541 70 5.6 84
22.1895 66.5541 81 5.6 96
22.1895 66.5541 75 5.6 114
22.1895 66.5541 89 5.6 126
16.3938 59.2311 -76 5.6 78
16.3938 59.2311 -80 5.6 78
16.3938 59.2311 -82 5.6 72
16.3938 59.2311 -72 5.6 54
16.3938 59.2311 -86 5.6 60
16.3938 59.2311 -83 5.6 78
12.7184 57.0011 77 5.6 30
12.7184 57.0011 -66 5.6 78
12.7184 57.0011 69 5.6 66
12.7184 57.0011 -87 5.6 66
12.7184 57.0011 81 5.6 78
15.8318 60.4943 -71 5.6 90
15.8318 60.4943 -76 5.6 102
15.8318 60.4943 -68 5.6 78
26.0761 61.4447 13 5.6 84
26.0761 61.4447 64 5.6 96
26.0761 61.4447 42 5.6 48
26.0761 61.4447 83 5.6 84
26.0761 61.4447 79 5.6 72
26.0761 61.4447 71 5.6 84
26.0761 61.4447 28 5.6 60
26.0761 61.4447 20 5.6 90
26.0761 61.4447 55 5.6 84
26.0761 61.4447 83 5.6 36
26.0761 61.4447 68 5.6 72
26.0761 61.4447 77 5.6 102
26.0761 61.4447 77 5.6 84
26.0761 61.4447 46 5.6 54
26.0761 61.4447 66 5.6 90
26.0761 61.4447 59 5.6 48
26.0761 61.4447 66 5.6 72
26.0761 61.4447 23 5.6 66
26.0761 61.4447 73 5.6 78
26.0761 61.4447 64 5.6 60
26.0761 61.4447 52 5.6 66
26.0761 61.4447 28 5.6 54
26.0761 61.4447 40 5.6 48
26.0761 61.4447 40 5.6 48
26.0761 61.4447 82 5.6 60
26.0761 61.4447 78 5.6 78
26.0761 61.4447 86 5.6 54
26.0761 61.4447 65 5.6 72
26.0761 61.4447 22 5.6 30
26.0761 61.4447 40 5.6 54
26.0761 61.4447 64 5.6 60
26.0761 61.4447 71 5.6 78
26.0761 61.4447 73 5.6 54
26.0761 61.4447 75 5.6 84
17.3518 59.9013 73 5.6 66
17.3518 59.9013 -80 5.6 78
17.3518 59.9013 76 5.6 54
17.3518 59.9013 -35 5.6 30
12.4789 59.4034 -4 5.6 30
12.4789 59.4034 -8 5.6 42
12.4789 59.4034 75 5.6 42
12.4789 59.4034 -12 5.6 42
12.4789 59.4034 71 5.6 66
13.7241 58.1591 26 5.6 66
13.7241 58.1591 12 5.6 54
13.7241 58.1591 26 5.6 42
17.8846 60.1282 -5 5.6 96
17.8846 60.1282 11 5.6 96
17.8846 60.1282 5 5.6 60
17.8846 60.1282 -4 5.6 60
17.8846 60.1282 -10 5.6 66
17.8846 60.1282 -13 5.6 60
17.8846 60.1282 -6 5.6 72
17.8846 60.1282 -79 5.6 48
17.8846 60.1282 -57 5.6 48
17.8846 60.1282 -9 5.6 60
18.1801 60.387 1 5.6 72
18.1801 60.387 8 5.6 54
18.1801 60.387 5 5.6 84
18.1801 60.387 13 5.6 42
18.1801 60.387 -23 5.6 30
18.1801 60.387 78 5.6 48
18.1801 60.387 -8 5.6 36
18.1801 60.387 12 5.6 72
18.1801 60.387 34 5.6 30
18.1801 60.387 -85 5.6 48
18.1801 60.387 12 5.6 66
18.1801 60.387 2 5.6 78
13.756 57.29 -78 5.6 60
13.756 57.29 -60 5.6 60
13.756 57.29 -56 5.6 36
18.57 57.6855 87 5.6 42
18.57 57.6855 -17 5.6 48
18.57 57.6855 -66 5.6 78
18.57 57.6855 -42 5.6 96
18.57 57.6855 -82 5.6 108
18.57 57.6855 -63 5.6 54
18.57 57.6855 -57 5.6 48
18.57 57.6855 76 5.6 66
18.57 57.6855 -76 5.6 78
18.57 57.6855 -76 5.6 84
18.5396 60.3342 15 5.6 60
18.5396 60.3342 15 5.6 78
18.5396 60.3342 5 5.6 84
18.5396 60.3342 11 5.6 78
18.5396 60.3342 19 5.6 48
18.5396 60.3342 72 5.6 60
18.5396 60.3342 83 5.6 54
18.5396 60.3342 60 5.6 48
18.5396 60.3342 10 5.6 96
18.5396 60.3342 12 5.6 72
18.5396 60.3342 14 5.6 54
18.5396 60.3342 33 5.6 60
18.5396 60.3342 23 5.6 48
23.6842 70.6425 18 5.6 78
23.6842 70.6425 4 5.6 78
23.6842 70.6425 -1 5.6 72
23.6842 70.6425 17 5.6 78
23.6842 70.6425 24 5.6 84
23.6842 70.6425 7 5.6 102
23.6842 70.6425 18 5.6 78
23.6842 70.6425 10 5.6 78
23.6842 70.6425 7 5.6 66
23.6842 70.6425 27 5.6 66
23.6842 70.6425 21 5.6 90
23.6842 70.6425 25 5.6 48
23.6842 70.6425 6 5.6 102
23.6842 70.6425 -3 5.6 90
23.6842 70.6425 7 5.6 102
23.6842 70.6425 21 5.6 66
23.6842 70.6425 13 5.6 60
23.6842 70.6425 25 5.6 90
23.6842 70.6425 15 5.6 66
23.6842 70.6425 8 5.6 96
23.6842 70.6425 21 5.6 96
20.9752 66.1635 27 5.6 54
20.9752 66.1635 68 5.6 78
20.9752 66.1635 62 5.6 54
20.9752 66.1635 86 5.6 72
20.9752 66.1635 44 5.6 90
20.9752 66.1635 79 5.6 54
20.9752 66.1635 67 5.6 78
20.9752 66.1635 47 5.6 78
20.9752 66.1635 55 5.6 84
20.9752 66.1635 66 5.6 90
20.9752 66.1635 85 5.6 108
20.9752 66.1635 71 5.6 78
20.9752 66.1635 82 5.6 108
20.9752 66.1635 69 5.6 90
20.9752 66.1635 33 5.6 48
20.9752 66.1635 32 5.6 66
20.9752 66.1635 61 5.6 102
16.6136 62.1532 -47 5.6 66
16.6136 62.1532 12 5.6 30
16.6136 62.1532 29 5.6 42
23.6572 68.3916 41 5.6 96
23.6572 68.3916 46 5.6 84
23.6572 68.3916 48 5.6 66
23.6572 68.3916 1 5.6 30
23.6572 68.3916 17 5.6 54
23.6572 68.3916 9 5.6 60
23.6572 68.3916 0 5.6 42
23.6572 68.3916 14 5.6 48
23.6572 68.3916 -1 5.6 48
23.6572 68.3916 14 5.6 48
23.6572 68.3916 8 5.6 42
23.6572 68.3916 12 5.6 60
23.6572 68.3916 5 5.6 60
23.6572 68.3916 37 5.6 42
23.6572 68.3916 17 5.6 48
23.6572 68.3916 49 5.6 66
23.6572 68.3916 18 5.6 36
23.6572 68.3916 24 5.6 36
23.6572 68.3916 -31 5.6 36
23.6572 68.3916 -6 5.6 84
18.0359 62.676 1 5.6 114
18.0359 62.676 -3 5.6 30
18.0359 62.676 73 5.6 72
18.0359 62.676 64 5.6 48
18.0359 62.676 4 5.6 66
13.6945 60.1335 0 5.6 48
8.5052 58.2702 -30 5.6 90
8.5052 58.2702 -29 5.6 84
8.5052 58.2702 -66 5.6 30
8.5052 58.2702 -31 5.6 90
8.5052 58.2702 -36 5.6 96
8.5052 58.2702 -22 5.6 90
17.1194 61.7364 80 5.6 60
19.2184 63.3416 -68 5.6 42
19.2184 63.3416 -75 5.6 48
19.2184 63.3416 -32 5.6 36
19.2184 63.3416 -43 5.6 60
19.2184 63.3416 84 5.6 84
19.2184 63.3416 -34 5.6 66
19.2184 63.3416 -57 5.6 66
19.2184 63.3416 74 5.6 48
19.2184 63.3416 -77 5.6 78
19.2184 63.3416 -69 5.6 36
17.316 60.873 -72 5.6 66
17.316 60.873 -60 5.6 30
17.316 60.873 1 5.6 42
17.316 60.873 -72 5.6 78
17.316 60.873 0 5.6 60
20.4095 69.5557 55 5.6 78
20.4095 69.5557 55 5.6 66
20.4095 69.5557 43 5.6 60
20.4095 69.5557 33 5.6 90
20.4095 69.5557 29 5.6 60
20.4095 69.5557 61 5.6 72
20.4095 69.5557 51 5.6 84
20.4095 69.5557 43 5.6 66
31.3124 62.9182 6 5.6 36
31.3124 62.9182 -3 5.6 36
31.3124 62.9182 -6 5.6 24
31.3124 62.9182 7 5.6 42
31.3124 62.9182 2 5.6 36
31.3124 62.9182 13 5.6 36
31.3124 62.9182 11 5.6 42
31.3124 62.9182 8 5.6 42
31.3124 62.9182 14 5.6 60
31.3124 62.9182 4 5.6 36
31.3124 62.9182 10 5.6 42
31.3124 62.9182 2 5.6 48
31.3124 62.9182 15 5.6 66
31.3124 62.9182 13 5.6 48
31.3124 62.9182 20 5.6 72
31.3124 62.9182 12 5.6 60
31.3124 62.9182 6 5.6 54
31.3124 62.9182 13 5.6 42
31.3124 62.9182 16 5.6 48
31.3124 62.9182 19 5.6 66
31.3124 62.9182 23 5.6 114
31.3124 62.9182 19 5.6 66
31.3124 62.9182 19 5.6 96
31.3124 62.9182 23 5.6 108
31.3124 62.9182 19 5.6 78
31.3124 62.9182 17 5.6 78
31.3124 62.9182 31 5.6 102
31.3124 62.9182 27 5.6 84
31.3124 62.9182 29 5.6 102
31.3124 62.9182 14 5.6 84
31.3124 62.9182 6 5.6 60
31.3124 62.9182 17 5.6 90
31.3124 62.9182 15 5.6 78
31.3124 62.9182 21 5.6 78
31.3124 62.9182 25 5.6 78
31.3124 62.9182 8 5.6 96
31.3124 62.9182 23 5.6 90
31.3124 62.9182 24 5.6 96
31.3124 62.9182 26 5.6 72
31.3124 62.9182 6 5.6 108
31.3124 62.9182 21 5.6 84
31.3124 62.9182 15 5.6 78
31.3124 62.9182 14 5.6 96
31.3124 62.9182 18 5.6 90
31.3124 62.9182 16 5.6 90
31.3124 62.9182 44 5.6 54
31.3124 62.9182 14 5.6 108
31.3124 62.9182 15 5.6 114
31.3124 62.9182 17 5.6 90
31.3124 62.9182 19 5.6 72
31.3124 62.9182 15 5.6 102
31.3124 62.9182 15 5.6 90
31.3124 62.9182 17 5.6 90
31.3124 62.9182 17 5.6 96
31.3124 62.9182 22 5.6 78
31.3124 62.9182 17 5.6 96
31.3124 62.9182 17 5.6 96
31.3124 62.9182 18 5.6 72
31.3124 62.9182 28 5.6 54
31.3124 62.9182 26 5.6 66
31.3124 62.9182 31 5.6 60
31.3124 62.9182 -4 5.6 42
31.3124 62.9182 -11 5.6 72
31.3124 62.9182 26 5.6 30
31.3124 62.9182 18 5.6 84
31.3124 62.9182 20 5.6 84
31.3124 62.9182 3 5.6 60
31.3124 62.9182 13 5.6 66
31.3124 62.9182 26 5.6 78
31.3124 62.9182 15 5.6 90
31.3124 62.9182 17 5.6 90
31.3124 62.9182 31 5.6 96
31.3124 62.9182 3 5.6 54
31.3124 62.9182 11 5.6 78
31.3124 62.9182 -12 5.6 60
31.3124 62.9182 2 5.6 42
31.3124 62.9182 23 5.6 90
31.3124 62.9182 19 5.6 78
31.3124 62.9182 7 5.6 126
31.3124 62.9182 23 5.6 66
31.3124 62.9182 13 5.6 96
31.3124 62.9182 17 5.6 78
31.3124 62.9182 29 5.6 96
31.3124 62.9182 11 5.6 42
31.3124 62.9182 23 5.6 114
31.3124 62.9182 -23 5.6 42
31.3124 62.9182 15 5.6 60
31.3124 62.9182 15 5.6 90
19.5433 66.6385 52 5.6 72
19.5433 66.6385 69 5.6 54
19.5433 66.6385 55 5.6 72
19.5433 66.6385 48 5.6 72
19.5433 66.6385 47 5.6 42
19.5433 66.6385 63 5.6 90
19.5433 66.6385 60 5.6 54
19.5433 66.6385 60 5.6 72
19.5433 66.6385 73 5.6 144
26.3095 62.1112 66 5.6 84
26.3095 62.1112 72 5.6 78
26.3095 62.1112 78 5.6 48
26.3095 62.1112 15 5.6 96
26.3095 62.1112 13 5.6 42
26.3095 62.1112 3 5.6 30
26.3095 62.1112 68 5.6 66
26.3095 62.1112 35 5.6 48
26.3095 62.1112 9 5.6 90
26.3095 62.1112 21 5.6 60
26.3095 62.1112 67 5.6 72
26.3095 62.1112 77 5.6 66
26.3095 62.1112 16 5.6 90
26.3095 62.1112 3 5.6 54
26.3095 62.1112 43 5.6 60
26.3095 62.1112 70 5.6 54
26.3095 62.1112 30 5.6 54
26.3095 62.1112 45 5.6 66
26.3095 62.1112 50 5.6 54
26.3095 62.1112 31 5.6 60
26.3095 62.1112 25 5.6 78
26.3095 62.1112 21 5.6 84
26.3095 62.1112 54 5.6 66
26.3095 62.1112 70 5.6 66
26.3095 62.1112 7 5.6 54
26.3095 62.1112 64 5.6 66
26.3095 62.1112 68 5.6 78
26.3095 62.1112 24 5.6 54
26.3095 62.1112 64 5.6 42
26.3095 62.1112 27 5.6 60
26.3095 62.1112 20 5.6 66
26.3095 62.1112 67 5.6 54
26.3095 62.1112 32 5.6 66
26.3095 62.1112 83 5.6 54
26.3095 62.1112 56 5.6 48
26.3095 62.1112 55 5.6 54
26.3095 62.1112 65 5.6 66
26.3095 62.1112 71 5.6 66
26.3095 62.1112 26 5.6 60
26.3095 62.1112 50 5.6 48
26.3095 62.1112 27 5.6 54
26.3095 62.1112 48 5.6 54
26.3095 62.1112 55 5.6 78
26.3095 62.1112 10 5.6 102
26.3095 62.1112 40 5.6 48
26.3095 62.1112 75 5.6 96
26.3095 62.1112 66 5.6 30
26.3095 62.1112 23 5.6 72
26.3095 62.1112 30 5.6 60
26.3095 62.1112 29 5.6 48
26.3095 62.1112 77 5.6 78
26.3095 62.1112 45 5.6 54
26.3095 62.1112 78 5.6 84
26.3095 62.1112 36 5.6 48
26.3095 62.1112 30 5.6 60
26.3095 62.1112 34 5.6 72
26.3095 62.1112 24 5.6 60
26.3095 62.1112 67 5.6 60
26.3095 62.1112 81 5.6 72
26.3095 62.1112 2 5.6 72
26.3095 62.1112 -6 5.6 54
26.3095 62.1112 40 5.6 48
23.3567 65.8596 86 5.6 84
23.3567 65.8596 80 5.6 54
23.3567 65.8596 77 5.6 66
23.3567 65.8596 -79 5.6 48
23.3567 65.8596 72 5.6 72
24.8706 62.1664 83 5.6 84
24.8706 62.1664 21 5.6 42
24.8706 62.1664 87 5.6 42
24.8706 62.1664 10 5.6 78
24.8706 62.1664 78 5.6 66
24.8706 62.1664 21 5.6 36
24.8706 62.1664 69 5.6 66
24.8706 62.1664 72 5.6 90
24.8706 62.1664 60 5.6 66
24.8706 62.1664 47 5.6 36
24.8706 62.1664 30 5.6 48
24.8706 62.1664 74 5.6 54
24.8706 62.1664 61 5.6 66
24.8706 62.1664 69 5.6 66
24.8706 62.1664 18 5.6 42
24.8706 62.1664 45 5.6 18
24.8706 62.1664 2 5.6 102
24.8706 62.1664 10 5.6 84
24.8706 62.1664 59 5.6 78
24.8706 62.1664 71 5.6 66
24.8706 62.1664 5 5.6 84
24.8706 62.1664 29 5.6 36
24.8706 62.1664 69 5.6 78
24.8706 62.1664 -4 5.6 48
24.8706 62.1664 68 5.6 90
24.8706 62.1664 73 5.6 84
24.8706 62.1664 -86 5.6 54
24.8706 62.1664 29 5.6 42
24.8706 62.1664 77 5.6 60
24.8706 62.1664 7 5.6 90
24.8706 62.1664 40 5.6 30
24.8706 62.1664 19 5.6 84
24.8706 62.1664 -2 5.6 132
24.8706 62.1664 17 5.6 54
24.8706 62.1664 -90 5.6 72
24.8706 62.1664 60 5.6 78
24.8706 62.1664 25 5.6 36
24.8706 62.1664 68 5.6 84
24.8706 62.1664 35 5.6 42
24.8706 62.1664 47 5.6 54
24.8706 62.1664 77 5.6 36
24.8706 62.1664 76 5.6 72
24.8706 62.1664 -76 5.6 60
24.8706 62.1664 80 5.6 42
24.8706 62.1664 78 5.6 66
24.8706 62.1664 76 5.6 48
24.8706 62.1664 77 5.6 84
24.8706 62.1664 75 5.6 42
24.8706 62.1664 63 5.6 42
24.8706 62.1664 -3 5.6 48
24.8706 62.1664 21 5.6 84
24.8706 62.1664 57 5.6 72
20.8037 69.043 71 5.6 48
20.8037 69.043 53 5.6 48
20.8037 69.043 73 5.6 72
20.8037 69.043 21 5.6 90
20.8037 69.043 43 5.6 36
20.8037 69.043 44 5.6 84
20.8037 69.043 -88 5.6 48
20.8037 69.043 66 5.6 60
20.8037 69.043 45 5.6 72
20.8037 69.043 39 5.6 30
20.8037 69.043 59 5.6 84
20.8037 69.043 47 5.6 96
20.8037 69.043 53 5.6 42
20.8037 69.043 85 5.6 90
20.8037 69.043 10 5.6 90
20.8037 69.043 55 5.6 54
20.8037 69.043 64 5.6 54
20.8037 69.043 67 5.6 66
20.8037 69.043 48 5.6 60
20.8037 69.043 75 5.6 54
20.8037 69.043 64 5.6 54
20.8037 69.043 68 5.6 42
20.8037 69.043 -3 5.6 72
20.8037 69.043 -1 5.6 78
20.8037 69.043 -87 5.6 66
5.247 59.212 -78 5.6 42
9.5982 59.6491 11 5.6 72
9.5982 59.6491 9 5.6 72
9.5982 59.6491 21 5.6 72
9.5982 59.6491 34 5.6 84
9.5982 59.6491 23 5.6 90
9.5982 59.6491 23 5.6 60
9.5982 59.6491 45 5.6 120
9.5982 59.6491 14 5.6 66
9.5982 59.6491 42 5.6 60
9.5982 59.6491 16 5.6 108
9.5982 59.6491 14 5.6 78
9.5982 59.6491 16 5.6 66
9.5982 59.6491 12 5.6 66
9.5982 59.6491 41 5.6 66
9.5982 59.6491 14 5.6 78
9.5982 59.6491 6 5.6 60
9.5982 59.6491 49 5.6 102
9.5982 59.6491 14 5.6 72
9.5982 59.6491 44 5.6 126
9.5982 59.6491 16 5.6 72
9.5982 59.6491 11 5.6 96
9.5982 59.6491 27 5.6 60
9.5982 59.6491 27 5.6 60
9.5982 59.6491 21 5.6 60
20.1607 68.2229 26 5.6 60
20.1607 68.2229 34 5.6 30
20.1607 68.2229 66 5.6 72
20.1607 68.2229 71 5.6 54
20.1607 68.2229 65 5.6 48
20.1607 68.2229 60 5.6 72
20.1607 68.2229 24 5.6 54
20.1607 68.2229 41 5.6 66
20.1607 68.2229 61 5.6 60
20.1607 68.2229 29 5.6 48
29.8907 66.0255 -1 5.6 54
29.8907 66.0255 -4 5.6 84
29.8907 66.0255 2 5.6 78
29.8907 66.0255 -5 5.6 48
29.8907 66.0255 15 5.6 54
29.8907 66.0255 11 5.6 72
29.8907 66.0255 8 5.6 66
29.8907 66.0255 25 5.6 42
29.8907 66.0255 17 5.6 78
29.8907 66.0255 37 5.6 42
29.8907 66.0255 41 5.6 42
29.8907 66.0255 19 5.6 84
29.8907 66.0255 24 5.6 48
29.8907 66.0255 23 5.6 66
29.8907 66.0255 39 5.6 42
29.8907 66.0255 -44 5.6 48
29.8907 66.0255 -2 5.6 54
29.8907 66.0255 13 5.6 90
29.8907 66.0255 1 5.6 78
20.3368 67.9542 84 5.6 102
20.3368 67.9542 77 5.6 66
20.3368 67.9542 73 5.6 48
20.3368 67.9542 53 5.6 78
20.3368 67.9542 53 5.6 72
20.3368 67.9542 57 5.6 72
20.3368 67.9542 65 5.6 78
21.988 68.0493 65 5.6 60
21.988 68.0493 76 5.6 42
21.988 68.0493 77 5.6 48
21.988 68.0493 73 5.6 48
21.988 68.0493 63 5.6 48
21.988 68.0493 72 5.6 60
21.988 68.0493 79 5.6 48
21.988 68.0493 77 5.6 48
21.988 68.0493 71 5.6 60
21.988 68.0493 84 5.6 72
19.848 65.2856 10 5.6 48
19.848 65.2856 56 5.6 72
19.848 65.2856 59 5.6 72
19.848 65.2856 52 5.6 84
19.848 65.2856 79 5.6 72
19.848 65.2856 54 5.6 78
19.848 65.2856 87 5.6 42
19.848 65.2856 36 5.6 60
15.5047 58.2232 85 5.6 42
15.5047 58.2232 -88 5.6 42
15.5047 58.2232 -86 5.6 66
15.5047 58.2232 88 5.6 78
15.5047 58.2232 70 5.6 24
15.5047 58.2232 23 5.6 48
13.542 68.131 7 5.6 72
13.446 55.632 -36 5.6 54
13.446 55.632 -70 5.6 54
13.446 55.632 -64 5.6 54
13.446 55.632 -53 5.6 96
34.6514 67.8979 7 5.6 72
34.6514 67.8979 7 5.6 84
34.6514 67.8979 5 5.6 72
34.6514 67.8979 7 5.6 72
34.6514 67.8979 -10 5.6 48
34.6514 67.8979 -13 5.6 54
34.6514 67.8979 11 5.6 60
34.6514 67.8979 12 5.6 60
34.6514 67.8979 16 5.6 48
34.6514 67.8979 24 5.6 48
34.6514 67.8979 12 5.6 54
34.6514 67.8979 -11 5.6 36
34.6514 67.8979 -4 5.6 78
34.6514 67.8979 8 5.6 54
34.6514 67.8979 4 5.6 102
34.6514 67.8979 6 5.6 96
34.6514 67.8979 4 5.6 84
34.6514 67.8979 8 5.6 66
34.6514 67.8979 12 5.6 60
34.6514 67.8979 -9 5.6 42
34.6514 67.8979 -5 5.6 78
34.6514 67.8979 10 5.6 60
34.6514 67.8979 2 5.6 60
34.6514 67.8979 -17 5.6 36
34.6514 67.8979 5 5.6 42
34.6514 67.8979 -20 5.6 96
34.6514 67.8979 18 5.6 54
34.6514 67.8979 10 5.6 66
34.6514 67.8979 14 5.6 60
34.6514 67.8979 -8 5.6 78
34.6514 67.8979 -18 5.6 54
34.6514 67.8979 24 5.6 54
34.6514 67.8979 6 5.6 66
34.6514 67.8979 -4 5.6 54
34.6514 67.8979 13 5.6 54
34.6514 67.8979 7 5.6 84
34.6514 67.8979 1 5.6 60
34.6514 67.8979 7 5.6 48
34.6514 67.8979 2 5.6 72
34.6514 67.8979 10 5.6 72
34.6514 67.8979 7 5.6 60
34.6514 67.8979 29 5.6 60
34.6514 67.8979 -8 5.6 42
34.6514 67.8979 8 5.6 84
34.6514 67.8979 6 5.6 78
34.6514 67.8979 6 5.6 78
34.6514 67.8979 2 5.6 48
34.6514 67.8979 2 5.6 48
34.6514 67.8979 0 5.6 72
34.6514 67.8979 -7 5.6 42
34.6514 67.8979 12 5.6 42
34.6514 67.8979 28 5.6 54
34.6514 67.8979 14 5.6 66
21.9983 67.4569 74 5.6 48
21.9983 67.4569 61 5.6 60
21.9983 67.4569 17 5.6 30
21.9983 67.4569 76 5.6 48
21.9983 67.4569 51 5.6 36
21.9983 67.4569 74 5.6 48
21.9983 67.4569 43 5.6 42
21.9983 67.4569 47 5.6 36
24.3958 60.2172 46 5.6 54
24.3958 60.2172 46 5.6 42
24.3958 60.2172 41 5.6 48
24.3958 60.2172 33 5.6 30
24.3958 60.2172 43 5.6 42
24.3958 60.2172 45 5.6 60
24.3958 60.2172 15 5.6 54
24.3958 60.2172 38 5.6 42
24.3958 60.2172 33 5.6 42
24.3958 60.2172 32 5.6 42
24.3958 60.2172 43 5.6 42
24.3958 60.2172 51 5.6 42
24.3958 60.2172 54 5.6 72
24.3958 60.2172 48 5.6 72
24.3958 60.2172 70 5.6 60
24.3958 60.2172 64 5.6 54
24.3958 60.2172 60 5.6 54
24.3958 60.2172 62 5.6 60
24.3958 60.2172 60 5.6 60
24.3958 60.2172 63 5.6 66
24.3958 60.2172 65 5.6 42
24.3958 60.2172 64 5.6 48
24.3958 60.2172 62 5.6 48
24.3958 60.2172 61 5.6 60
24.3958 60.2172 46 5.6 42
24.3958 60.2172 30 5.6 36
24.3958 60.2172 47 5.6 72
24.3958 60.2172 43 5.6 48
24.3958 60.2172 28 5.6 54
24.3958 60.2172 48 5.6 66
24.3958 60.2172 26 5.6 48
24.3958 60.2172 32 5.6 48
24.3958 60.2172 45 5.6 66
24.3958 60.2172 37 5.6 36
7.547 62.5698 30 5.6 36
7.547 62.5698 34 5.6 66
19.0294 65.7875 45 5.6 84
19.0294 65.7875 46 5.6 42
19.0294 65.7875 78 5.6 102
19.0294 65.7875 87 5.6 84
19.0294 65.7875 85 5.6 84
19.0294 65.7875 73 5.6 66
19.0294 65.7875 67 5.6 66
19.0294 65.7875 61 5.6 72
19.0294 65.7875 61 5.6 60
19.0294 65.7875 65 5.6 72
19.0294 65.7875 50 5.6 60
19.0294 65.7875 43 5.6 60
19.0294 65.7875 9 5.6 48
19.0294 65.7875 55 5.6 54
19.0294 65.7875 68 5.6 78
19.0294 65.7875 66 5.6 72
29.0402 65.9113 4 5.6 78
29.0402 65.9113 8 5.6 42
29.0402 65.9113 24 5.6 54
29.0402 65.9113 26 5.6 66
29.0402 65.9113 3 5.6 54
29.0402 65.9113 28 5.6 54
29.0402 65.9113 13 5.6 36
29.0402 65.9113 9 5.6 48
29.0402 65.9113 7 5.6 54
29.0402 65.9113 8 5.6 66
29.0402 65.9113 24 5.6 42
29.0402 65.9113 35 5.6 54
29.0402 65.9113 26 5.6 54
29.0402 65.9113 21 5.6 60
29.0402 65.9113 19 5.6 54
29.0402 65.9113 24 5.6 60
29.0402 65.9113 36 5.6 36
29.0402 65.9113 26 5.6 60
29.0402 65.9113 22 5.6 54
29.0402 65.9113 36 5.6 42
29.0402 65.9113 30 5.6 48
29.0402 65.9113 32 5.6 60
29.0402 65.9113 30 5.6 60
29.0402 65.9113 23 5.6 48
29.0402 65.9113 25 5.6 60
29.0402 65.9113 21 5.6 54
29.0402 65.9113 23 5.6 48
29.0402 65.9113 23 5.6 42
29.0402 65.9113 29 5.6 60
29.0402 65.9113 22 5.6 60
29.0402 65.9113 32 5.6 42
29.0402 65.9113 22 5.6 66
29.0402 65.9113 79 5.6 48
29.0402 65.9113 60 5.6 30
29.0402 65.9113 32 5.6 48
29.0402 65.9113 24 5.6 72
29.0402 65.9113 4 5.6 42
29.0402 65.9113 0 5.6 102
29.0402 65.9113 19 5.6 48
29.0402 65.9113 21 5.6 84
29.0402 65.9113 27 5.6 54
29.0402 65.9113 37 5.6 60
9.1733 56.455 -63 5.6 48
9.1733 56.455 -68 5.6 60
9.1733 56.455 -75 5.6 54
13.1157 66.0951 13 5.6 60
13.1157 66.0951 47 5.6 66
14.0562 66.1406 42 5.6 48
16.5613 66.4717 77 5.6 42
16.5613 66.4717 81 5.6 60
16.5613 66.4717 61 5.6 42
16.5613 66.4717 73 5.6 48
16.5613 66.4717 65 5.6 54
17.5295 66.6073 73 5.6 54
17.5295 66.6073 56 5.6 54
17.5295 66.6073 72 5.6 60
17.5295 66.6073 54 5.6 66
15.4821 65.7581 66 5.6 60
15.4821 65.7581 53 5.6 78
16.2446 65.9673 51 5.6 60
16.2446 65.9673 63 5.6 66
16.2446 65.9673 60 5.6 54
16.2446 65.9673 77 5.6 54
16.1439 65.207 77 5.6 60
16.1439 65.207 77 5.6 60
16.1439 65.207 80 5.6 72
16.1439 65.207 76 5.6 66
16.1439 65.207 67 5.6 78
16.9557 64.7975 50 5.6 54
16.9557 64.7975 64 5.6 42
17.6128 64.9657 69 5.6 42
17.6128 64.9657 71 5.6 42
17.1136 65.1625 70 5.6 42
17.1136 65.1625 68 5.6 48
17.1136 65.1625 67 5.6 60
17.1136 65.1625 67 5.6 66
16.1918 65.744 49 5.6 66
16.1918 65.744 65 5.6 60
17.7294 65.6478 79 5.6 66
17.7294 65.6478 48 5.6 78
17.7294 65.6478 83 5.6 36
14.7075 68.5788 54 5.6 48
14.7075 68.5788 64 5.6 48
14.7075 68.5788 64 5.6 48
14.9863 68.3134 70 5.6 54
14.9863 68.3134 8 5.6 54
14.9863 68.3134 34 5.6 60
14.9863 68.3134 43 5.6 48
14.9863 68.3134 35 5.6 66
16.5611 68.7839 61 5.6 60
16.5611 68.7839 46 5.6 60
16.5611 68.7839 55 5.6 102
16.5611 68.7839 74 5.6 42
16.5611 68.7839 42 5.6 60
16.5611 68.7839 61 5.6 54
16.5611 68.7839 27 5.6 54
15.5136 68.1033 71 5.6 48
15.5136 68.1033 47 5.6 66
15.5136 68.1033 53 5.6 60
15.5136 68.1033 6 5.6 54
15.5136 68.1033 45 5.6 66
15.9367 67.9662 48 5.6 54
15.9367 67.9662 23 5.6 48
15.9533 68.4004 62 5.6 48
15.9533 68.4004 68 5.6 48
15.9533 68.4004 72 5.6 72
15.9533 68.4004 65 5.6 60
15.2277 67.761 20 5.6 48
15.438 68.7139 45 5.6 72
15.438 68.7139 51 5.6 60
15.438 68.7139 40 5.6 60
15.438 68.7139 59 5.6 48
12.6935 67.6639 26 5.6 72
12.6935 67.6639 23 5.6 60
12.6935 67.6639 27 5.6 66
12.6935 67.6639 33 5.6 72
12.6935 67.6639 38 5.6 90
14.1976 68.3212 5 5.6 60
14.1976 68.3212 4 5.6 60
14.1976 68.3212 29 5.6 54
13.1862 58.9278 -13 5.6 48
13.1862 58.9278 -5 5.6 60
13.1862 58.9278 -1 5.6 30
13.1862 58.9278 -5 5.6 96
13.1862 58.9278 9 5.6 36
14.0306 67.0368 36 5.6 48
14.6364 67.3871 30 5.6 66
14.6364 67.3871 33 5.6 42
13.1199 66.3879 56 5.6 48
13.9581 66.8161 8 5.6 42
13.9581 66.8161 4 5.6 42
14.4622 67.1909 -2 5.6 108
14.4622 67.1909 9 5.6 48
14.4622 67.1909 7 5.6 60
13.7354 66.9732 -3 5.6 72
13.0097 66.513 12 5.6 36
13.0097 66.513 12 5.6 48
13.0097 66.513 26 5.6 48
10.7774 61.0307 -40 5.6 42
10.7774 61.0307 -40 5.6 48
10.7774 61.0307 -75 5.6 42
10.7629 61.2759 -48 5.6 48
10.7629 61.2759 -46 5.6 36
10.7629 61.2759 -46 5.6 48
11.369 61.2251 -37 5.6 54
11.369 61.2251 -59 5.6 54
11.369 61.2251 -68 5.6 60
11.369 61.2251 -83 5.6 96
11.369 61.2251 -66 5.6 54
11.7153 61.1128 -25 5.6 66
11.5414 60.7353 38 5.6 48
19.0347 67.8673 79 5.6 90
19.0347 67.8673 17 5.6 72
19.0347 67.8673 49 5.6 78
19.0347 67.8673 9 5.6 72
19.0347 67.8673 42 5.6 54
19.0347 67.8673 33 5.6 42
19.0347 67.8673 53 5.6 72
19.0347 67.8673 18 5.6 48
19.0347 67.8673 26 5.6 54
19.0347 67.8673 58 5.6 54
19.0347 67.8673 56 5.6 66
19.0347 67.8673 60 5.6 66
14.8573 63.4428 -38 5.6 42
14.8573 63.4428 -51 5.6 54
14.8573 63.4428 -49 5.6 48
14.8573 63.4428 -77 5.6 60
15.0401 59.5704 70 5.6 78
15.0401 59.5704 63 5.6 72
15.0401 59.5704 76 5.6 60
15.0401 59.5704 87 5.6 36
18.6308 59.6769 -4 5.6 78
18.6308 59.6769 65 5.6 48
18.6308 59.6769 -89 5.6 60
18.6308 59.6769 -9 5.6 42
18.6308 59.6769 -87 5.6 42
18.6308 59.6769 -76 5.6 48
18.6308 59.6769 79 5.6 24
11.9673 64.5307 61 5.6 54
11.9673 64.5307 -77 5.6 36
9.7362 63.4946 38 5.6 24
9.7362 63.4946 13 5.6 72
7.1518 62.7815 33 5.6 48
6.924 60.576 -28 5.6 42
6.924 60.576 -8 5.6 54
6.924 60.576 2 5.6 48
6.924 60.576 -3 5.6 66
8.2907 60.618 7 5.6 48
11.815 59.8529 71 5.6 48
11.815 59.8529 74 5.6 36
11.815 59.8529 44 5.6 30
11.815 59.8529 88 5.6 36
6.5938 59.9526 -16 5.6 54
6.5938 59.9526 -4 5.6 72
6.5938 59.9526 2 5.6 72
6.5938 59.9526 -17 5.6 66
6.5938 59.9526 -9 5.6 66
6.5938 59.9526 9 5.6 66
5.2414 59.2681 -58 5.6 66
5.2414 59.2681 -48 5.6 78
9.0357 58.7485 5 5.6 66
9.0357 58.7485 -10 5.6 54
9.0357 58.7485 -17 5.6 96
7.4186 58.6201 -23 5.6 102
7.4186 58.6201 -15 5.6 78
7.4186 58.6201 -13 5.6 66
7.4186 58.6201 -31 5.6 90
7.4186 58.6201 -26 5.6 66
7.4186 58.6201 -26 5.6 60
7.4186 58.6201 -12 5.6 48
7.4186 58.6201 -7 5.6 84
7.4186 58.6201 -22 5.6 72
7.4186 58.6201 -11 5.6 48
5.6824 58.7424 -52 5.6 54
6.6196 58.1312 7 5.6 54
6.6196 58.1312 -10 5.6 48
6.6196 58.1312 13 5.6 60
6.6196 58.1312 0 5.6 72
6.6196 58.1312 -5 5.6 54
6.6196 58.1312 16 5.6 78
6.6196 58.1312 -22 5.6 48
6.6196 58.1312 -18 5.6 60
6.6196 58.1312 -32 5.6 72
6.6196 58.1312 -27 5.6 120
6.6196 58.1312 11 5.6 60
6.6196 58.1312 -1 5.6 60
7.3859 59.4949 -19 5.6 72
18.0042 59.0047 78 5.6 30
18.0042 59.0047 86 5.6 18
18.0042 59.0047 -90 5.6 72
18.0042 59.0047 -84 5.6 66
18.0042 59.0047 60 5.6 36
18.0042 59.0047 84 5.6 114
18.0042 59.0047 86 5.6 78
18.0042 59.0047 79 5.6 66
6.628 59.912 4 5.6 72
6.628 59.912 15 5.6 54
6.628 59.912 1 5.6 72
6.628 59.912 -7 5.6 84
20.7162 64.4085 -83 5.6 102
20.7162 64.4085 83 5.6 84
20.7162 64.4085 74 5.6 24
20.7162 64.4085 65 5.6 42
20.7162 64.4085 75 5.6 66
20.7162 64.4085 78 5.6 48
20.7162 64.4085 61 5.6 48
11.9177 57.3965 -16 5.6 36
11.9177 57.3965 -77 5.6 72
11.9177 57.3965 -12 5.6 54
11.9177 57.3965 -38 5.6 42
11.9177 57.3965 -24 5.6 78
11.9177 57.3965 -60 5.6 48
11.9177 57.3965 -40 5.6 30
16.0994 57.1947 13 5.6 24
16.0994 57.1947 -73 5.6 96
17.1342 60.2298 -60 5.6 36
17.1342 60.2298 77 5.6 48
17.1342 60.2298 76 5.6 60
17.1342 60.2298 -76 5.6 72
17.1342 60.2298 52 5.6 42
17.1342 60.2298 -79 5.6 42
17.1342 60.2298 -76 5.6 60
17.1342 60.2298 -76 5.6 60
17.1342 60.2298 -71 5.6 42
17.1342 60.2298 54 5.6 54
17.1342 60.2298 -81 5.6 78
17.1342 60.2298 -83 5.6 78
24.7314 64.3673 76 5.6 84
24.7314 64.3673 84 5.6 108
24.7314 64.3673 76 5.6 90
24.7314 64.3673 -86 5.6 132
24.7314 64.3673 79 5.6 66
24.7314 64.3673 85 5.6 66
24.7314 64.3673 7 5.6 72
24.7314 64.3673 -86 5.6 48
24.7314 64.3673 78 5.6 66
25.8964 65.0853 69 5.6 78
25.8964 65.0853 78 5.6 132
25.8964 65.0853 69 5.6 66
25.8964 65.0853 81 5.6 84
25.8964 65.0853 66 5.6 66
25.8964 65.0853 75 5.6 84
25.8964 65.0853 75 5.6 84
25.8964 65.0853 76 5.6 84
25.8964 65.0853 61 5.6 90
25.8964 65.0853 81 5.6 66
25.8964 65.0853 73 5.6 72
25.8964 65.0853 75 5.6 60
25.8964 65.0853 73 5.6 60
25.8964 65.0853 77 5.6 66
25.8964 65.0853 73 5.6 66
25.8964 65.0853 72 5.6 78
25.8964 65.0853 72 5.6 72
25.8964 65.0853 66 5.6 78
25.8964 65.0853 78 5.6 72
25.8964 65.0853 72 5.6 66
25.8964 65.0853 74 5.6 60
25.8964 65.0853 78 5.6 66
25.8964 65.0853 82 5.6 54
25.8964 65.0853 75 5.6 48
25.8964 65.0853 41 5.6 96
25.8964 65.0853 49 5.6 54
25.8964 65.0853 51 5.6 66
25.8964 65.0853 53 5.6 54
25.8964 65.0853 45 5.6 54
25.8964 65.0853 53 5.6 54
25.8964 65.0853 47 5.6 54
25.8964 65.0853 35 5.6 48
25.8964 65.0853 38 5.6 48
25.8964 65.0853 46 5.6 54
25.8964 65.0853 40 5.6 36
25.8964 65.0853 58 5.6 72
25.8964 65.0853 37 5.6 60
25.8964 65.0853 46 5.6 48
25.8964 65.0853 47 5.6 54
25.8964 65.0853 49 5.6 30
25.8964 65.0853 49 5.6 36
25.8964 65.0853 35 5.6 36
25.8964 65.0853 54 5.6 48
25.8964 65.0853 76 5.6 30
25.8964 65.0853 -78 5.6 60
25.8964 65.0853 -55 5.6 18
25.8964 65.0853 32 5.6 72
25.8964 65.0853 65 5.6 48
25.8964 65.0853 44 5.6 54
25.8964 65.0853 50 5.6 54
25.8964 65.0853 81 5.6 72
25.8964 65.0853 77 5.6 72
25.8964 65.0853 61 5.6 54
25.8964 65.0853 51 5.6 60
25.8964 65.0853 37 5.6 48
25.8964 65.0853 75 5.6 48
25.8964 65.0853 80 5.6 42
25.8964 65.0853 42 5.6 36
23.968 55.5052 81 5.6 60
23.968 55.5052 -85 5.6 48
23.968 55.5052 79 5.6 66
23.968 55.5052 -87 5.6 66
23.968 55.5052 84 5.6 90
23.968 55.5052 -68 5.6 54
23.968 55.5052 83 5.6 66
23.968 55.5052 -76 5.6 48
23.968 55.5052 77 5.6 48
23.113 67.024 49 5.6 66
23.113 67.024 45 5.6 36
23.113 67.024 59 5.6 60
23.113 67.024 13 5.6 84
23.113 67.024 47 5.6 84
23.113 67.024 9 5.6 60
23.113 67.024 78 5.6 90
23.113 67.024 59 5.6 84
23.113 67.024 74 5.6 126
23.113 67.024 78 5.6 102
23.113 67.024 -2 5.6 66
23.113 67.024 4 5.6 96
21.9294 56.0236 -81 5.6 36
21.9294 56.0236 -73 5.6 48
30.317 59.767 13 5.6 54
30.317 59.767 13 5.6 66
30.317 59.767 20 5.6 84
30.317 59.767 15 5.6 54
30.317 59.767 33 5.6 84
30.317 59.767 56 5.6 72
30.317 59.767 21 5.6 72
30.317 59.767 21 5.6 36
30.317 59.767 13 5.6 42
30.317 59.767 14 5.6 60
30.317 59.767 33 5.6 54
30.317 59.767 29 5.6 72
30.317 59.767 35 5.6 48
30.317 59.767 36 5.6 42
30.317 59.767 34 5.6 48
30.317 59.767 26 5.6 36
30.317 59.767 22 5.6 48
30.317 59.767 19 5.6 54
30.317 59.767 17 5.6 48
30.317 59.767 21 5.6 72
30.317 59.767 34 5.6 48
25.859 60.5454 8 5.6 84
25.859 60.5454 23 5.6 120
25.859 60.5454 41 5.6 36
25.859 60.5454 63 5.6 30
25.859 60.5454 16 5.6 66
25.859 60.5454 30 5.6 42
25.859 60.5454 81 5.6 60
25.859 60.5454 29 5.6 42
25.859 60.5454 74 5.6 48
25.859 60.5454 -9 5.6 54
25.859 60.5454 28 5.6 36
25.859 60.5454 16 5.6 84
25.859 60.5454 68 5.6 66
25.859 60.5454 35 5.6 54
25.859 60.5454 69 5.6 78
25.859 60.5454 2 5.6 66
25.859 60.5454 29 5.6 84
25.859 60.5454 30 5.6 48
25.859 60.5454 16 5.6 54
25.859 60.5454 74 5.6 48
25.859 60.5454 40 5.6 30
25.859 60.5454 6 5.6 60
25.859 60.5454 56 5.6 36
25.859 60.5454 44 5.6 36
25.859 60.5454 20 5.6 66
25.859 60.5454 -8 5.6 66
25.859 60.5454 6 5.6 108
25.859 60.5454 -8 5.6 84
21.7679 61.0227 66 5.6 42
21.7679 61.0227 72 5.6 36
21.7679 61.0227 65 5.6 18
21.7679 61.0227 -2 5.6 42
21.7679 61.0227 -4 5.6 48
21.7679 61.0227 2 5.6 66
21.7679 61.0227 -9 5.6 72
21.7679 61.0227 21 5.6 36
21.7679 61.0227 11 5.6 42
21.7679 61.0227 -58 5.6 24
21.7679 61.0227 20 5.6 78
19.5913 67.8234 29 5.6 60
19.5913 67.8234 42 5.6 36
19.5913 67.8234 60 5.6 72
19.5913 67.8234 70 5.6 78
19.5913 67.8234 31 5.6 30
19.5913 67.8234 75 5.6 66
19.5913 67.8234 55 5.6 84
19.5913 67.8234 68 5.6 66
19.5913 67.8234 10 5.6 90
19.5913 67.8234 26 5.6 30
19.5913 67.8234 63 5.6 90
19.5913 67.8234 35 5.6 30
19.5913 67.8234 45 5.6 48
26.0135 66.609 73 5.6 78
26.0135 66.609 72 5.6 66
26.0135 66.609 67 5.6 72
26.0135 66.609 89 5.6 66
26.0135 66.609 80 5.6 54
26.0135 66.609 66 5.6 60
26.0135 66.609 74 5.6 72
26.0135 66.609 66 5.6 72
26.0135 66.609 88 5.6 78
26.0135 66.609 77 5.6 66
26.0135 66.609 83 5.6 72
26.0135 66.609 67 5.6 60
26.0135 66.609 79 5.6 66
26.0135 66.609 71 5.6 54
26.0135 66.609 77 5.6 72
26.0135 66.609 77 5.6 54
26.0135 66.609 88 5.6 54
26.0135 66.609 49 5.6 30
26.0135 66.609 39 5.6 42
26.0135 66.609 42 5.6 24
26.0135 66.609 56 5.6 48
26.0135 66.609 48 5.6 36
26.0135 66.609 39 5.6 30
26.0135 66.609 53 5.6 42
26.0135 66.609 39 5.6 30
26.0135 66.609 35 5.6 42
26.0135 66.609 60 5.6 78
26.0135 66.609 51 5.6 36
26.0135 66.609 75 5.6 48
26.0135 66.609 31 5.6 54
26.0135 66.609 72 5.6 42
26.0135 66.609 50 5.6 42
26.0135 66.609 53 5.6 48
26.0135 66.609 83 5.6 72
26.0135 66.609 67 5.6 72
26.0135 66.609 85 5.6 78
26.0135 66.609 69 5.6 54
26.0135 66.609 -75 5.6 36
26.0135 66.609 67 5.6 78
26.0135 66.609 88 5.6 48
26.0135 66.609 -90 5.6 66
26.0135 66.609 66 5.6 72
26.0135 66.609 68 5.6 90
26.0135 66.609 72 5.6 48
15.814 61.42 87 5.6 48
15.814 61.42 -86 5.6 48
15.814 61.42 86 5.6 84
25.8169 71.1111 9 5.6 48
25.8169 71.1111 5 5.6 60
25.8169 71.1111 7 5.6 78
29.0668 70.5034 27 5.6 42
25.4769 70.3191 7 5.6 66
25.4769 70.3191 12 5.6 66
25.4769 70.3191 -6 5.6 72
25.4769 70.3191 19 5.6 60
25.4769 70.3191 5 5.6 48
25.4769 70.3191 15 5.6 66
25.4769 70.3191 -3 5.6 36
25.4769 70.3191 9 5.6 54
31.0994 70.3712 32 5.6 42
20.9731 70.0378 25 5.6 78
20.9731 70.0378 31 5.6 84
20.9731 70.0378 48 5.6 54
20.9731 70.0378 34 5.6 66
20.9731 70.0378 33 5.6 96
20.7599 70.1343 61 5.6 66
20.7599 70.1343 24 5.6 84
20.7599 70.1343 27 5.6 72
23.3737 70.1272 9 5.6 72
22.0623 69.7642 47 5.6 66
22.0623 69.7642 21 5.6 90
30.0391 69.4536 -4 5.6 84
30.0391 69.4536 -10 5.6 60
30.0391 69.4536 21 5.6 72
30.0391 69.4536 12 5.6 54
30.0391 69.4536 14 5.6 60
30.0391 69.4536 25 5.6 60
18.9144 68.9731 56 5.6 96
18.9144 68.9731 20 5.6 42
18.9144 68.9731 8 5.6 84
18.9144 68.9731 26 5.6 30
18.9144 68.9731 51 5.6 66
18.8368 68.3491 34 5.6 48
18.8368 68.3491 51 5.6 84
18.8368 68.3491 47 5.6 78
18.8368 68.3491 45 5.6 96
18.8368 68.3491 43 5.6 78
18.8368 68.3491 43 5.6 96
18.8368 68.3491 43 5.6 90
18.8368 68.3491 47 5.6 90
18.8368 68.3491 57 5.6 78
18.8368 68.3491 29 5.6 36
18.8368 68.3491 49 5.6 84
18.8368 68.3491 45 5.6 96
21.6242 67.6962 77 5.6 60
18.3647 67.4746 57 5.6 60
21.0775 67.1517 66 5.6 30
21.0775 67.1517 62 5.6 30
17.7264 66.9529 54 5.6 48
23.5642 66.7393 44 5.6 54
23.5642 66.7393 63 5.6 48
22.1788 66.5654 59 5.6 72
22.1788 66.5654 58 5.6 72
22.1788 66.5654 56 5.6 102
22.1788 66.5654 22 5.6 36
22.1788 66.5654 47 5.6 30
22.1788 66.5654 29 5.6 60
22.1788 66.5654 63 5.6 48
22.1788 66.5654 63 5.6 84
22.1788 66.5654 79 5.6 72
19.6862 66.4298 59 5.6 84
19.6862 66.4298 65 5.6 54
19.6862 66.4298 69 5.6 90
19.6862 66.4298 71 5.6 84
25.0304 66.0406 61 5.6 72
25.0304 66.0406 53 5.6 66
25.0304 66.0406 70 5.6 54
25.0304 66.0406 44 5.6 66
25.0304 66.0406 2 5.6 42
25.0304 66.0406 10 5.6 36
20.3008 65.9262 67 5.6 72
20.3008 65.9262 62 5.6 108
20.3008 65.9262 63 5.6 72
20.3008 65.9262 66 5.6 60
20.3008 65.9262 -70 5.6 54
20.3008 65.9262 54 5.6 96
20.9542 65.7356 60 5.6 72
20.9542 65.7356 62 5.6 60
15.8965 65.4823 60 5.6 54
15.8965 65.4823 70 5.6 72
15.8965 65.4823 77 5.6 102
15.8965 65.4823 83 5.6 60
15.8965 65.4823 59 5.6 72
15.8965 65.4823 75 5.6 84
15.8965 65.4823 79 5.6 66
27.5106 65.4469 25 5.6 36
27.5106 65.4469 61 5.6 54
27.5106 65.4469 17 5.6 54
27.5106 65.4469 15 5.6 66
19.8452 65.2879 61 5.6 60
19.8452 65.2879 56 5.6 78
19.8452 65.2879 72 5.6 84
19.8452 65.2879 75 5.6 60
19.8452 65.2879 80 5.6 84
19.8452 65.2879 85 5.6 66
21.4977 65.0923 68 5.6 78
21.4977 65.0923 79 5.6 42
21.4977 65.0923 70 5.6 60
21.4977 65.0923 68 5.6 66
18.501 64.9911 -62 5.6 36
13.5813 64.9876 45 5.6 54
13.5813 64.9876 54 5.6 66
13.5813 64.9876 67 5.6 36
24.5172 64.4402 80 5.6 66
16.8178 64.2467 58 5.6 36
19.0003 64.1291 -86 5.6 54
19.0003 64.1291 70 5.6 42
19.0003 64.1291 -12 5.6 36
10.2317 63.9665 58 5.6 222
10.2317 63.9665 64 5.6 204
10.2317 63.9665 51 5.6 48
10.2317 63.9665 30 5.6 72
10.2317 63.9665 51 5.6 54
10.2317 63.9665 40 5.6 60
10.2317 63.9665 56 5.6 54
10.2317 63.9665 66 5.6 78
23.0079 63.8265 -68 5.6 96
23.0079 63.8265 81 5.6 96
19.3658 63.5492 73 5.6 54
19.3658 63.5492 -48 5.6 36
19.3658 63.5492 72 5.6 48
18.0945 63.4896 80 5.6 78
18.0945 63.4896 -61 5.6 48
16.3224 63.114 -50 5.6 48
16.3224 63.114 43 5.6 42
16.3224 63.114 65 5.6 60
16.3224 63.114 88 5.6 42
11.6437 63.0441 18 5.6 78
22.4878 62.9381 71 5.6 42
22.4878 62.9381 -62 5.6 54
18.1489 62.7504 21 5.6 30
18.1489 62.7504 53 5.6 30
14.9213 62.4494 -20 5.6 102
14.9213 62.4494 -31 5.6 60
17.3793 61.693 88 5.6 78
17.3793 61.693 85 5.6 72
25.0399 61.0537 41 5.6 48
25.0399 61.0537 25 5.6 48
25.0399 61.0537 41 5.6 66
25.0399 61.0537 40 5.6 60
25.0399 61.0537 67 5.6 60
25.0399 61.0537 30 5.6 48
25.0399 61.0537 25 5.6 54
25.0399 61.0537 20 5.6 48
25.0399 61.0537 66 5.6 78
25.0399 61.0537 30 5.6 66
25.0399 61.0537 58 5.6 60
25.0399 61.0537 57 5.6 66
25.0399 61.0537 17 5.6 66
25.0399 61.0537 23 5.6 72
15.7698 61.0535 80 5.6 54
15.7698 61.0535 -70 5.6 66
22.4439 60.4158 77 5.6 42
22.4439 60.4158 72 5.6 36
18.5067 67.3801 53 5.6 66
26.5261 67.4421 45 5.6 72
26.5261 67.4421 29 5.6 30
26.5261 67.4421 42 5.6 30
26.5261 67.4421 50 5.6 42
26.5261 67.4421 34 5.6 30
26.5261 67.4421 22 5.6 36
26.5261 67.4421 24 5.6 30
26.5261 67.4421 32 5.6 36
26.5261 67.4421 42 5.6 48
26.5261 67.4421 57 5.6 42
26.5261 67.4421 30 5.6 42
26.5261 67.4421 33 5.6 54
26.5261 67.4421 47 5.6 36
26.5261 67.4421 73 5.6 30
26.5261 67.4421 62 5.6 54
26.5261 67.4421 38 5.6 60
26.5261 67.4421 57 5.6 36
26.5261 67.4421 51 5.6 36
26.5261 67.4421 42 5.6 60
26.5261 67.4421 63 5.6 48
26.5261 67.4421 62 5.6 60
26.5261 67.4421 69 5.6 54
26.5261 67.4421 85 5.6 54
26.5261 67.4421 66 5.6 60
26.5261 67.4421 87 5.6 54
26.5261 67.4421 73 5.6 30
26.5261 67.4421 56 5.6 60
26.5261 67.4421 66 5.6 42
26.5261 67.4421 67 5.6 48
26.5261 67.4421 69 5.6 42
26.5261 67.4421 71 5.6 42
26.5261 67.4421 69 5.6 48
26.5261 67.4421 67 5.6 48
26.5261 67.4421 83 5.6 48
26.5261 67.4421 70 5.6 42
26.5261 67.4421 76 5.6 60
26.5261 67.4421 58 5.6 72
26.5261 67.4421 87 5.6 60
26.5261 67.4421 70 5.6 42
26.5261 67.4421 65 5.6 48
26.5261 67.4421 78 5.6 48
26.5261 67.4421 76 5.6 60
21.6055 65.508 75 5.6 84
21.6055 65.508 70 5.6 78
21.6055 65.508 56 5.6 96
21.6055 65.508 65 5.6 72
21.6055 65.508 74 5.6 84
21.6055 65.508 61 5.6 78
21.6055 65.508 80 5.6 90
8.304 60.68 -11 5.6 60
8.304 60.68 -19 5.6 42
22.2905 57.6287 80 5.6 36
22.2905 57.6287 -76 5.6 78
22.2905 57.6287 -86 5.6 60
22.2905 57.6287 -67 5.6 36
22.2905 57.6287 -84 5.6 78
22.2905 57.6287 -83 5.6 66
22.2905 57.6287 -76 5.6 72
22.2905 57.6287 -82 5.6 66
22.2905 57.6287 -78 5.6 102
22.2905 57.6287 -81 5.6 72
22.2905 57.6287 -87 5.6 60
22.2905 57.6287 -54 5.6 30
22.2905 57.6287 -63 5.6 66
22.2905 57.6287 88 5.6 66
22.2905 57.6287 -78 5.6 72
22.2905 57.6287 -77 5.6 84
22.2905 57.6287 84 5.6 60
22.2905 57.6287 85 5.6 54
22.2905 57.6287 -82 5.6 66
22.2905 57.6287 -82 5.6 54
17.258 63.247 -48 5.6 42
17.258 63.247 -62 5.6 60
17.258 63.247 -52 5.6 48
17.258 63.247 -60 5.6 54
17.258 63.247 -74 5.6 72
17.258 63.247 -64 5.6 78
17.258 63.247 -56 5.6 72
17.258 63.247 -74 5.6 90
17.258 63.247 -66 5.6 78
5.702 58.935 -40 5.6 114
5.702 58.935 -11 5.6 54
5.702 58.935 -22 5.6 54
5.702 58.935 -12 5.6 96
15.242 67.93 31 5.6 72
15.242 67.93 29 5.6 60
15.242 67.93 39 5.6 78
15.242 67.93 36 5.6 78
15.242 67.93 43 5.6 90
15.242 67.93 37 5.6 66
15.242 67.93 39 5.6 78
11.1825 59.0345 46 5.6 36
26.1506 62.7191 39 5.6 42
26.1506 62.7191 43 5.6 54
26.1506 62.7191 57 5.6 48
26.1506 62.7191 47 5.6 42
26.1506 62.7191 42 5.6 54
26.1506 62.7191 34 5.6 42
26.1506 62.7191 39 5.6 48
26.1506 62.7191 38 5.6 42
26.1506 62.7191 69 5.6 48
26.1506 62.7191 34 5.6 48
26.1506 62.7191 64 5.6 30
26.1506 62.7191 59 5.6 54
26.1506 62.7191 44 5.6 42
26.1506 62.7191 40 5.6 48
26.1506 62.7191 27 5.6 36
26.1506 62.7191 28 5.6 48
26.1506 62.7191 40 5.6 42
26.1506 62.7191 38 5.6 42
26.1506 62.7191 46 5.6 42
19.575 64.494 85 5.6 48
19.575 64.494 76 5.6 60
19.575 64.494 14 5.6 72
10.4345 63.4197 -78 5.6 42
11.625 58.032 -29 5.6 66
11.625 58.032 -60 5.6 108
11.625 58.032 -78 5.6 66
24.33 66.08 56 5.6 72
24.33 66.08 61 5.6 60
24.33 66.08 82 5.6 114
24.33 66.08 67 5.6 48
24.33 66.08 57 5.6 54
24.33 66.08 64 5.6 72
24.33 66.08 34 5.6 48
24.33 66.08 33 5.6 54
24.33 66.08 40 5.6 48
24.33 66.08 56 5.6 42
24.33 66.08 61 5.6 36
24.33 66.08 59 5.6 66
24.33 66.08 73 5.6 54
24.33 66.08 30 5.6 60
24.33 66.08 28 5.6 66
24.33 66.08 -80 5.6 78
18.9077 69.6345 13 5.6 120
18.9077 69.6345 36 5.6 72
18.9077 69.6345 25 5.6 108
18.9077 69.6345 26 5.6 72
18.9077 69.6345 15 5.6 84
18.9077 69.6345 16 5.6 90
18.9077 69.6345 15 5.6 72
18.9077 69.6345 12 5.6 108
18.9077 69.6345 30 5.6 78
18.9077 69.6345 23 5.6 72
18.9077 69.6345 79 5.6 36
18.9077 69.6345 56 5.6 66
18.9077 69.6345 53 5.6 66
18.9077 69.6345 16 5.6 60
18.9077 69.6345 25 5.6 84
18.9077 69.6345 14 5.6 90
18.9077 69.6345 15 5.6 66
18.9077 69.6345 29 5.6 78
18.9077 69.6345 25 5.6 54
18.9077 69.6345 63 5.6 66
18.9077 69.6345 68 5.6 72
18.9077 69.6345 39 5.6 60
18.9077 69.6345 85 5.6 36
18.9077 69.6345 53 5.6 72
18.9077 69.6345 61 5.6 102
18.9077 69.6345 22 5.6 84
18.9077 69.6345 20 5.6 78
18.9077 69.6345 30 5.6 72
18.9077 69.6345 49 5.6 90
18.9077 69.6345 24 5.6 66
18.9077 69.6345 55 5.6 72
18.9077 69.6345 59 5.6 84
18.9077 69.6345 25 5.6 72
18.9077 69.6345 23 5.6 72
18.9077 69.6345 26 5.6 78
18.9077 69.6345 31 5.6 72
18.9077 69.6345 27 5.6 72
18.9077 69.6345 49 5.6 78
18.9077 69.6345 33 5.6 78
18.9077 69.6345 21 5.6 84
18.9077 69.6345 58 5.6 60
18.9077 69.6345 24 5.6 78
18.9077 69.6345 45 5.6 54
18.9077 69.6345 20 5.6 54
18.9077 69.6345 19 5.6 84
18.9077 69.6345 17 5.6 78
13.607 60.09 -7 5.6 48
13.607 60.09 41 5.6 36
13.607 60.09 -1 5.6 30
13.607 60.09 80 5.6 24
13.607 60.09 10 5.6 48
13.607 60.09 -31 5.6 36
20.6779 63.8829 83 5.6 96
20.6779 63.8829 -47 5.6 42
20.6779 63.8829 -69 5.6 60
20.6779 63.8829 54 5.6 48
17.627 59.858 -50 5.6 42
29.76 70.08 -2 5.6 54
22.6715 63.0422 -55 5.6 36
22.6715 63.0422 -47 5.6 54
22.6715 63.0422 -49 5.6 48
22.6715 63.0422 -34 5.6 42
22.6715 63.0422 -42 5.6 42
22.6715 63.0422 -72 5.6 84
22.6715 63.0422 -50 5.6 48
22.6715 63.0422 -79 5.6 48
22.6715 63.0422 -48 5.6 48
22.6715 63.0422 68 5.6 48
22.6715 63.0422 68 5.6 48
22.6715 63.0422 77 5.6 42
22.6715 63.0422 74 5.6 60
22.6715 63.0422 81 5.6 48
22.6715 63.0422 9 5.6 36
22.6715 63.0422 5 5.6 42
22.6715 63.0422 19 5.6 30
22.6715 63.0422 13 5.6 48
22.6715 63.0422 22 5.6 48
22.6715 63.0422 22 5.6 24
22.6715 63.0422 23 5.6 36
22.6715 63.0422 29 5.6 30
22.6715 63.0422 8 5.6 36
22.6715 63.0422 -87 5.6 60
22.6715 63.0422 -5 5.6 42
22.6715 63.0422 -40 5.6 66
18.2492 64.4968 -81 5.6 90
18.2492 64.4968 -85 5.6 54
18.2492 64.4968 88 5.6 54
18.2492 64.4968 88 5.6 48
18.2492 64.4968 9 5.6 54
18.2492 64.4968 46 5.6 60
18.2492 64.4968 67 5.6 102
12.0727 58.4921 -10 5.6 90
12.0727 58.4921 -18 5.6 66
12.0727 58.4921 -27 5.6 54
12.0727 58.4921 -20 5.6 90
12.0727 58.4921 -18 5.6 54
12.0727 58.4921 -16 5.6 72
12.0727 58.4921 -14 5.6 84
16.6992 58.5017 71 5.6 48
16.6992 58.5017 72 5.6 48
16.6992 58.5017 -88 5.6 54
16.6992 58.5017 79 5.6 36
16.6992 58.5017 88 5.6 42
16.6992 58.5017 74 5.6 48
27.555 60.5388 47 5.6 84
27.555 60.5388 11 5.6 18
27.555 60.5388 12 5.6 54
27.555 60.5388 23 5.6 48
27.555 60.5388 2 5.6 84
27.555 60.5388 27 5.6 54
27.555 60.5388 22 5.6 60
27.555 60.5388 88 5.6 30
27.555 60.5388 38 5.6 42
27.555 60.5388 4 5.6 60
27.555 60.5388 -15 5.6 42
27.555 60.5388 3 5.6 78
27.555 60.5388 18 5.6 78
27.555 60.5388 73 5.6 42
27.555 60.5388 84 5.6 48
27.555 60.5388 18 5.6 48
16.013 64.4314 51 5.6 72
29.609 67.748 73 5.6 60
29.609 67.748 62 5.6 54
29.609 67.748 89 5.6 84
29.609 67.748 -89 5.6 36
29.609 67.748 -89 5.6 60
29.609 67.748 28 5.6 60
29.609 67.748 19 5.6 72
29.609 67.748 22 5.6 48
29.609 67.748 20 5.6 66
29.609 67.748 65 5.6 78
29.609 67.748 25 5.6 54
29.609 67.748 37 5.6 48
29.609 67.748 47 5.6 66
29.609 67.748 32 5.6 78
29.609 67.748 34 5.6 42
29.609 67.748 19 5.6 66
29.609 67.748 44 5.6 54
29.609 67.748 22 5.6 84
29.609 67.748 83 5.6 66
29.609 67.748 22 5.6 60
29.609 67.748 16 5.6 84
29.609 67.748 15 5.6 54
29.609 67.748 15 5.6 60
29.609 67.748 42 5.6 48
29.609 67.748 12 5.6 66
29.609 67.748 32 5.6 72
29.609 67.748 26 5.6 60
29.609 67.748 58 5.6 60
29.609 67.748 40 5.6 48
16.5363 57.66 -76 5.6 42
16.5363 57.66 85 5.6 60
16.5363 57.66 -17 5.6 48
16.5363 57.66 -64 5.6 54
16.5363 57.66 -78 5.6 102
14.9391 56.9212 -70 5.6 54
14.9391 56.9212 -81 5.6 84
14.9391 56.9212 -40 5.6 54
14.9391 56.9212 86 5.6 48
14.9391 56.9212 -81 5.6 72
14.9391 56.9212 -27 5.6 84
