19.9936 60.178000000000004 84 36 5.6
19.9936 60.178000000000004 -77 42 5.6
19.9936 60.178000000000004 75 24 5.6
19.9936 60.178000000000004 64 48 5.6
19.9936 60.178000000000004 88 42 5.6
19.9936 60.178000000000004 61 36 5.6
19.9936 60.178000000000004 77 36 5.6
19.9936 60.178000000000004 76 36 5.6
19.9936 60.178000000000004 87 30 5.6
6.9974 62.1783 5 42 5.6
25.5058 69.5349 10 66 5.6
25.5058 69.5349 2 66 5.6
25.5058 69.5349 20 66 5.6
25.5058 69.5349 2 48 5.6
25.5058 69.5349 5 66 5.6
25.5058 69.5349 5 66 5.6
25.5058 69.5349 17 48 5.6
25.5058 69.5349 26 48 5.6
25.9841 59.4365 31 48 5.6
25.9841 59.4365 29 66 5.6
25.5057 69.5349 10 66 5.6
25.5057 69.5349 5 72 5.6
25.5057 69.5349 19 48 5.6
25.5057 69.5349 17 60 5.6
25.5057 69.5349 6 54 5.6
25.5057 69.5349 14 66 5.6
25.5057 69.5349 2 48 5.6
25.5057 69.5349 14 60 5.6
25.5057 69.5349 18 42 5.6
25.5057 69.5349 28 48 5.6
25.5057 69.5349 30 48 5.6
25.5057 69.5349 17 54 5.6
25.5057 69.5349 41 84 5.6
25.5057 69.5349 8 54 5.6
25.5057 69.5349 14 54 5.6
25.5057 69.5349 6 42 5.6
25.5057 69.5349 12 60 5.6
25.5057 69.5349 12 54 5.6
25.5057 69.5349 10 42 5.6
25.5057 69.5349 -1 60 5.6
25.5057 69.5349 13 60 5.6
25.5057 69.5349 10 48 5.6
25.5057 69.5349 5 96 5.6
25.5057 69.5349 16 54 5.6
25.5057 69.5349 8 66 5.6
25.5057 69.5349 28 54 5.6
25.5057 69.5349 10 54 5.6
25.5057 69.5349 12 72 5.6
16.9734 66.2421 53 24 5.6
16.9734 66.2421 39 72 5.6
16.9734 66.2421 62 60 5.6
16.9734 66.2421 48 90 5.6
16.9734 66.2421 56 54 5.6
16.9734 66.2421 73 60 5.6
16.9734 66.2421 71 96 5.6
16.9734 66.2421 49 84 5.6
14.8288 58.8946 -82 60 5.6
14.8288 58.8946 86 102 5.6
14.8288 58.8946 -79 54 5.6
14.8288 58.8946 -81 60 5.6
16.5992 57.4185 -68 42 5.6
16.5992 57.4185 -18 84 5.6
16.5992 57.4185 -45 54 5.6
16.5992 57.4185 -78 60 5.6
17.1078 59.854 79 48 5.6
17.1078 59.854 70 42 5.6
17.1078 59.854 -79 72 5.6
17.1078 59.854 77 54 5.6
5.3348 60.3838 -22 78 5.6
5.3348 60.3838 -50 48 5.6
5.3348 60.3838 -34 42 5.6
5.3348 60.3838 -43 54 5.6
5.3348 60.3838 -27 36 5.6
5.3348 60.3838 -35 66 5.6
5.3348 60.3838 -9 60 5.6
5.3348 60.3838 -45 48 5.6
5.3348 60.3838 -33 48 5.6
5.3348 60.3838 -20 48 5.6
17.1007 63.9703 66 60 5.6
13.023 56.074 -77 90 5.6
13.023 56.074 -84 120 5.6
13.023 56.074 -76 102 5.6
13.023 56.074 -79 90 5.6
13.023 56.074 78 60 5.6
13.023 56.074 -45 66 5.6
13.023 56.074 -81 72 5.6
13.023 56.074 -72 54 5.6
13.023 56.074 -59 60 5.6
13.023 56.074 70 66 5.6
15.8145 56.303999999999995 -61 54 5.6
15.8145 56.303999999999995 -70 96 5.6
15.8145 56.303999999999995 -58 72 5.6
15.8145 56.303999999999995 -48 66 5.6
15.8145 56.303999999999995 -48 72 5.6
15.8145 56.303999999999995 -50 60 5.6
15.8145 56.303999999999995 7 42 5.6
15.8145 56.303999999999995 -34 78 5.6
15.8145 56.303999999999995 -30 90 5.6
15.8145 56.303999999999995 -30 108 5.6
6.456 59.4228 -13 114 5.6
6.456 59.4228 -17 120 5.6
6.456 59.4228 -17 84 5.6
6.456 59.4228 -12 78 5.6
6.456 59.4228 -10 90 5.6
6.456 59.4228 -18 84 5.6
6.456 59.4228 11 78 5.6
6.456 59.4228 -5 72 5.6
6.456 59.4228 -10 78 5.6
6.456 59.4228 -28 96 5.6
6.456 59.4228 -6 90 5.6
6.456 59.4228 -11 96 5.6
6.456 59.4228 -12 96 5.6
6.456 59.4228 1 72 5.6
6.456 59.4228 -7 102 5.6
6.456 59.4228 -70 36 5.6
6.456 59.4228 -16 96 5.6
6.456 59.4228 -21 90 5.6
6.456 59.4228 -5 78 5.6
12.7697 57.6345 -53 36 5.6
12.7697 57.6345 -72 36 5.6
12.7697 57.6345 5 48 5.6
12.7697 57.6345 -9 66 5.6
18.5777 63.8908 68 42 5.6
14.915 55.114 3 60 5.6
14.915 55.114 6 72 5.6
14.915 55.114 6 48 5.6
14.915 55.114 4 48 5.6
14.915 55.114 10 48 5.6
14.915 55.114 2 60 5.6
21.3769 64.5836 57 60 5.6
21.3769 64.5836 71 54 5.6
21.3769 64.5836 75 54 5.6
21.3769 64.5836 64 66 5.6
21.3769 64.5836 68 48 5.6
21.3769 64.5836 73 72 5.6
21.3769 64.5836 75 60 5.6
21.3769 64.5836 -68 54 5.6
21.3769 64.5836 -66 36 5.6
17.0083 57.2899 -73 90 5.6
17.0083 57.2899 87 42 5.6
17.0083 57.2899 -85 60 5.6
17.0083 57.2899 -78 66 5.6
17.0083 57.2899 -35 42 5.6
17.0083 57.2899 -74 72 5.6
17.0083 57.2899 -72 66 5.6
17.0083 57.2899 -22 72 5.6
17.0083 57.2899 -68 72 5.6
17.0083 57.2899 -12 66 5.6
17.0083 57.2899 80 60 5.6
17.0083 57.2899 -61 60 5.6
17.0083 57.2899 -53 66 5.6
12.4325 55.6853 -55 60 5.6
12.4325 55.6853 -41 42 5.6
12.4325 55.6853 -40 54 5.6
12.4325 55.6853 -49 60 5.6
12.4325 55.6853 -29 54 5.6
12.4325 55.6853 -33 54 5.6
12.4325 55.6853 -49 48 5.6
12.4325 55.6853 -54 48 5.6
12.4325 55.6853 -37 60 5.6
12.4325 55.6853 -63 54 5.6
12.4325 55.6853 -47 66 5.6
12.4325 55.6853 -45 48 5.6
12.4325 55.6853 -78 30 5.6
12.4325 55.6853 -49 42 5.6
12.4325 55.6853 -47 66 5.6
12.4325 55.6853 -38 42 5.6
13.87 56.47 -42 66 5.6
13.87 56.47 -78 30 5.6
13.87 56.47 -50 42 5.6
13.87 56.47 -36 84 5.6
13.87 56.47 -31 72 5.6
9.112 62.073 56 102 5.6
9.112 62.073 -79 72 5.6
20.5688 67.1215 40 90 5.6
20.5688 67.1215 56 72 5.6
20.5688 67.1215 62 30 5.6
20.5688 67.1215 79 72 5.6
20.5688 67.1215 26 42 5.6
20.5688 67.1215 79 90 5.6
20.5688 67.1215 75 84 5.6
20.5688 67.1215 16 60 5.6
20.5688 67.1215 -78 60 5.6
20.5688 67.1215 33 36 5.6
15.3016 57.5726 -17 60 5.6
22.1895 66.5541 76 66 5.6
22.1895 66.5541 68 90 5.6
22.1895 66.5541 38 48 5.6
22.1895 66.5541 40 72 5.6
22.1895 66.5541 78 102 5.6
22.1895 66.5541 37 42 5.6
22.1895 66.5541 70 84 5.6
22.1895 66.5541 81 96 5.6
22.1895 66.5541 75 114 5.6
22.1895 66.5541 89 126 5.6
16.3938 59.2311 -76 78 5.6
16.3938 59.2311 -80 78 5.6
16.3938 59.2311 -82 72 5.6
16.3938 59.2311 -72 54 5.6
16.3938 59.2311 -86 60 5.6
16.3938 59.2311 -83 78 5.6
12.7184 57.0011 77 30 5.6
12.7184 57.0011 -66 78 5.6
12.7184 57.0011 69 66 5.6
12.7184 57.0011 -87 66 5.6
12.7184 57.0011 81 78 5.6
15.8318 60.4943 -71 90 5.6
15.8318 60.4943 -76 102 5.6
15.8318 60.4943 -68 78 5.6
26.0761 61.4447 13 84 5.6
26.0761 61.4447 64 96 5.6
26.0761 61.4447 42 48 5.6
26.0761 61.4447 83 84 5.6
26.0761 61.4447 79 72 5.6
26.0761 61.4447 71 84 5.6
26.0761 61.4447 28 60 5.6
26.0761 61.4447 20 90 5.6
26.0761 61.4447 55 84 5.6
26.0761 61.4447 83 36 5.6
26.0761 61.4447 68 72 5.6
26.0761 61.4447 77 102 5.6
26.0761 61.4447 77 84 5.6
26.0761 61.4447 46 54 5.6
26.0761 61.4447 66 90 5.6
26.0761 61.4447 59 48 5.6
26.0761 61.4447 66 72 5.6
26.0761 61.4447 23 66 5.6
26.0761 61.4447 73 78 5.6
26.0761 61.4447 64 60 5.6
26.0761 61.4447 52 66 5.6
26.0761 61.4447 28 54 5.6
26.0761 61.4447 40 48 5.6
26.0761 61.4447 40 48 5.6
26.0761 61.4447 82 60 5.6
26.0761 61.4447 78 78 5.6
26.0761 61.4447 86 54 5.6
26.0761 61.4447 65 72 5.6
26.0761 61.4447 22 30 5.6
26.0761 61.4447 40 54 5.6
26.0761 61.4447 64 60 5.6
26.0761 61.4447 71 78 5.6
26.0761 61.4447 73 54 5.6
26.0761 61.4447 75 84 5.6
17.3518 59.9013 73 66 5.6
17.3518 59.9013 -80 78 5.6
17.3518 59.9013 76 54 5.6
17.3518 59.9013 -35 30 5.6
12.4789 59.4034 -4 30 5.6
12.4789 59.4034 -8 42 5.6
12.4789 59.4034 75 42 5.6
12.4789 59.4034 -12 42 5.6
12.4789 59.4034 71 66 5.6
13.7241 58.1591 26 66 5.6
13.7241 58.1591 12 54 5.6
13.7241 58.1591 26 42 5.6
17.8846 60.1282 -5 96 5.6
17.8846 60.1282 11 96 5.6
17.8846 60.1282 5 60 5.6
17.8846 60.1282 -4 60 5.6
17.8846 60.1282 -10 66 5.6
17.8846 60.1282 -13 60 5.6
17.8846 60.1282 -6 72 5.6
17.8846 60.1282 -79 48 5.6
17.8846 60.1282 -57 48 5.6
17.8846 60.1282 -9 60 5.6
18.1801 60.387 1 72 5.6
18.1801 60.387 8 54 5.6
18.1801 60.387 5 84 5.6
18.1801 60.387 13 42 5.6
18.1801 60.387 -23 30 5.6
18.1801 60.387 78 48 5.6
18.1801 60.387 -8 36 5.6
18.1801 60.387 12 72 5.6
18.1801 60.387 34 30 5.6
18.1801 60.387 -85 48 5.6
18.1801 60.387 12 66 5.6
18.1801 60.387 2 78 5.6
13.755999999999998 57.29 -78 60 5.6
13.755999999999998 57.29 -60 60 5.6
13.755999999999998 57.29 -56 36 5.6
18.57 57.6855 87 42 5.6
18.57 57.6855 -17 48 5.6
18.57 57.6855 -66 78 5.6
18.57 57.6855 -42 96 5.6
18.57 57.6855 -82 108 5.6
18.57 57.6855 -63 54 5.6
18.57 57.6855 -57 48 5.6
18.57 57.6855 76 66 5.6
18.57 57.6855 -76 78 5.6
18.57 57.6855 -76 84 5.6
18.5396 60.3342 15 60 5.6
18.5396 60.3342 15 78 5.6
18.5396 60.3342 5 84 5.6
18.5396 60.3342 11 78 5.6
18.5396 60.3342 19 48 5.6
18.5396 60.3342 72 60 5.6
18.5396 60.3342 83 54 5.6
18.5396 60.3342 60 48 5.6
18.5396 60.3342 10 96 5.6
18.5396 60.3342 12 72 5.6
18.5396 60.3342 14 54 5.6
18.5396 60.3342 33 60 5.6
18.5396 60.3342 23 48 5.6
23.6842 70.6425 18 78 5.6
23.6842 70.6425 4 78 5.6
23.6842 70.6425 -1 72 5.6
23.6842 70.6425 17 78 5.6
23.6842 70.6425 24 84 5.6
23.6842 70.6425 7 102 5.6
23.6842 70.6425 18 78 5.6
23.6842 70.6425 10 78 5.6
23.6842 70.6425 7 66 5.6
23.6842 70.6425 27 66 5.6
23.6842 70.6425 21 90 5.6
23.6842 70.6425 25 48 5.6
23.6842 70.6425 6 102 5.6
23.6842 70.6425 -3 90 5.6
23.6842 70.6425 7 102 5.6
23.6842 70.6425 21 66 5.6
23.6842 70.6425 13 60 5.6
23.6842 70.6425 25 90 5.6
23.6842 70.6425 15 66 5.6
23.6842 70.6425 8 96 5.6
23.6842 70.6425 21 96 5.6
20.9752 66.1635 27 54 5.6
20.9752 66.1635 68 78 5.6
20.9752 66.1635 62 54 5.6
20.9752 66.1635 86 72 5.6
20.9752 66.1635 44 90 5.6
20.9752 66.1635 79 54 5.6
20.9752 66.1635 67 78 5.6
20.9752 66.1635 47 78 5.6
20.9752 66.1635 55 84 5.6
20.9752 66.1635 66 90 5.6
20.9752 66.1635 85 108 5.6
20.9752 66.1635 71 78 5.6
20.9752 66.1635 82 108 5.6
20.9752 66.1635 69 90 5.6
20.9752 66.1635 33 48 5.6
20.9752 66.1635 32 66 5.6
20.9752 66.1635 61 102 5.6
16.6136 62.1532 -47 66 5.6
16.6136 62.1532 12 30 5.6
16.6136 62.1532 29 42 5.6
23.6572 68.3916 41 96 5.6
23.6572 68.3916 46 84 5.6
23.6572 68.3916 48 66 5.6
23.6572 68.3916 1 30 5.6
23.6572 68.3916 17 54 5.6
23.6572 68.3916 9 60 5.6
23.6572 68.3916 0 42 5.6
23.6572 68.3916 14 48 5.6
23.6572 68.3916 -1 48 5.6
23.6572 68.3916 14 48 5.6
23.6572 68.3916 8 42 5.6
23.6572 68.3916 12 60 5.6
23.6572 68.3916 5 60 5.6
23.6572 68.3916 37 42 5.6
23.6572 68.3916 17 48 5.6
23.6572 68.3916 49 66 5.6
23.6572 68.3916 18 36 5.6
23.6572 68.3916 24 36 5.6
23.6572 68.3916 -31 36 5.6
23.6572 68.3916 -6 84 5.6
18.0359 62.676 1 114 5.6
18.0359 62.676 -3 30 5.6
18.0359 62.676 73 72 5.6
18.0359 62.676 64 48 5.6
18.0359 62.676 4 66 5.6
13.6945 60.1335 0 48 5.6
8.5052 58.2702 -30 90 5.6
8.5052 58.2702 -29 84 5.6
8.5052 58.2702 -66 30 5.6
8.5052 58.2702 -31 90 5.6
8.5052 58.2702 -36 96 5.6
8.5052 58.2702 -22 90 5.6
17.1194 61.7364 80 60 5.6
19.2184 63.3416 -68 42 5.6
19.2184 63.3416 -75 48 5.6
19.2184 63.3416 -32 36 5.6
19.2184 63.3416 -43 60 5.6
19.2184 63.3416 84 84 5.6
19.2184 63.3416 -34 66 5.6
19.2184 63.3416 -57 66 5.6
19.2184 63.3416 74 48 5.6
19.2184 63.3416 -77 78 5.6
19.2184 63.3416 -69 36 5.6
17.316 60.873000000000005 -72 66 5.6
17.316 60.873000000000005 -60 30 5.6
17.316 60.873000000000005 1 42 5.6
17.316 60.873000000000005 -72 78 5.6
17.316 60.873000000000005 0 60 5.6
20.4095 69.5557 55 78 5.6
20.4095 69.5557 55 66 5.6
20.4095 69.5557 43 60 5.6
20.4095 69.5557 33 90 5.6
20.4095 69.5557 29 60 5.6
20.4095 69.5557 61 72 5.6
20.4095 69.5557 51 84 5.6
20.4095 69.5557 43 66 5.6
31.3124 62.9182 6 36 5.6
31.3124 62.9182 -3 36 5.6
31.3124 62.9182 -6 24 5.6
31.3124 62.9182 7 42 5.6
31.3124 62.9182 2 36 5.6
31.3124 62.9182 13 36 5.6
31.3124 62.9182 11 42 5.6
31.3124 62.9182 8 42 5.6
31.3124 62.9182 14 60 5.6
31.3124 62.9182 4 36 5.6
31.3124 62.9182 10 42 5.6
31.3124 62.9182 2 48 5.6
31.3124 62.9182 15 66 5.6
31.3124 62.9182 13 48 5.6
31.3124 62.9182 20 72 5.6
31.3124 62.9182 12 60 5.6
31.3124 62.9182 6 54 5.6
31.3124 62.9182 13 42 5.6
31.3124 62.9182 16 48 5.6
31.3124 62.9182 19 66 5.6
31.3124 62.9182 23 114 5.6
31.3124 62.9182 19 66 5.6
31.3124 62.9182 19 96 5.6
31.3124 62.9182 23 108 5.6
31.3124 62.9182 19 78 5.6
31.3124 62.9182 17 78 5.6
31.3124 62.9182 31 102 5.6
31.3124 62.9182 27 84 5.6
31.3124 62.9182 29 102 5.6
31.3124 62.9182 14 84 5.6
31.3124 62.9182 6 60 5.6
31.3124 62.9182 17 90 5.6
31.3124 62.9182 15 78 5.6
31.3124 62.9182 21 78 5.6
31.3124 62.9182 25 78 5.6
31.3124 62.9182 8 96 5.6
31.3124 62.9182 23 90 5.6
31.3124 62.9182 24 96 5.6
31.3124 62.9182 26 72 5.6
31.3124 62.9182 6 108 5.6
31.3124 62.9182 21 84 5.6
31.3124 62.9182 15 78 5.6
31.3124 62.9182 14 96 5.6
31.3124 62.9182 18 90 5.6
31.3124 62.9182 16 90 5.6
31.3124 62.9182 44 54 5.6
31.3124 62.9182 14 108 5.6
31.3124 62.9182 15 114 5.6
31.3124 62.9182 17 90 5.6
31.3124 62.9182 19 72 5.6
31.3124 62.9182 15 102 5.6
31.3124 62.9182 15 90 5.6
31.3124 62.9182 17 90 5.6
31.3124 62.9182 17 96 5.6
31.3124 62.9182 22 78 5.6
31.3124 62.9182 17 96 5.6
31.3124 62.9182 17 96 5.6
31.3124 62.9182 18 72 5.6
31.3124 62.9182 28 54 5.6
31.3124 62.9182 26 66 5.6
31.3124 62.9182 31 60 5.6
31.3124 62.9182 -4 42 5.6
31.3124 62.9182 -11 72 5.6
31.3124 62.9182 26 30 5.6
31.3124 62.9182 18 84 5.6
31.3124 62.9182 20 84 5.6
31.3124 62.9182 3 60 5.6
31.3124 62.9182 13 66 5.6
31.3124 62.9182 26 78 5.6
31.3124 62.9182 15 90 5.6
31.3124 62.9182 17 90 5.6
31.3124 62.9182 31 96 5.6
31.3124 62.9182 3 54 5.6
31.3124 62.9182 11 78 5.6
31.3124 62.9182 -12 60 5.6
31.3124 62.9182 2 42 5.6
31.3124 62.9182 23 90 5.6
31.3124 62.9182 19 78 5.6
31.3124 62.9182 7 126 5.6
31.3124 62.9182 23 66 5.6
31.3124 62.9182 13 96 5.6
31.3124 62.9182 17 78 5.6
31.3124 62.9182 29 96 5.6
31.3124 62.9182 11 42 5.6
31.3124 62.9182 23 114 5.6
31.3124 62.9182 -23 42 5.6
31.3124 62.9182 15 60 5.6
31.3124 62.9182 15 90 5.6
19.5433 66.6385 52 72 5.6
19.5433 66.6385 69 54 5.6
19.5433 66.6385 55 72 5.6
19.5433 66.6385 48 72 5.6
19.5433 66.6385 47 42 5.6
19.5433 66.6385 63 90 5.6
19.5433 66.6385 60 54 5.6
19.5433 66.6385 60 72 5.6
19.5433 66.6385 73 144 5.6
26.3095 62.1112 66 84 5.6
26.3095 62.1112 72 78 5.6
26.3095 62.1112 78 48 5.6
26.3095 62.1112 15 96 5.6
26.3095 62.1112 13 42 5.6
26.3095 62.1112 3 30 5.6
26.3095 62.1112 68 66 5.6
26.3095 62.1112 35 48 5.6
26.3095 62.1112 9 90 5.6
26.3095 62.1112 21 60 5.6
26.3095 62.1112 67 72 5.6
26.3095 62.1112 77 66 5.6
26.3095 62.1112 16 90 5.6
26.3095 62.1112 3 54 5.6
26.3095 62.1112 43 60 5.6
26.3095 62.1112 70 54 5.6
26.3095 62.1112 30 54 5.6
26.3095 62.1112 45 66 5.6
26.3095 62.1112 50 54 5.6
26.3095 62.1112 31 60 5.6
26.3095 62.1112 25 78 5.6
26.3095 62.1112 21 84 5.6
26.3095 62.1112 54 66 5.6
26.3095 62.1112 70 66 5.6
26.3095 62.1112 7 54 5.6
26.3095 62.1112 64 66 5.6
26.3095 62.1112 68 78 5.6
26.3095 62.1112 24 54 5.6
26.3095 62.1112 64 42 5.6
26.3095 62.1112 27 60 5.6
26.3095 62.1112 20 66 5.6
26.3095 62.1112 67 54 5.6
26.3095 62.1112 32 66 5.6
26.3095 62.1112 83 54 5.6
26.3095 62.1112 56 48 5.6
26.3095 62.1112 55 54 5.6
26.3095 62.1112 65 66 5.6
26.3095 62.1112 71 66 5.6
26.3095 62.1112 26 60 5.6
26.3095 62.1112 50 48 5.6
26.3095 62.1112 27 54 5.6
26.3095 62.1112 48 54 5.6
26.3095 62.1112 55 78 5.6
26.3095 62.1112 10 102 5.6
26.3095 62.1112 40 48 5.6
26.3095 62.1112 75 96 5.6
26.3095 62.1112 66 30 5.6
26.3095 62.1112 23 72 5.6
26.3095 62.1112 30 60 5.6
26.3095 62.1112 29 48 5.6
26.3095 62.1112 77 78 5.6
26.3095 62.1112 45 54 5.6
26.3095 62.1112 78 84 5.6
26.3095 62.1112 36 48 5.6
26.3095 62.1112 30 60 5.6
26.3095 62.1112 34 72 5.6
26.3095 62.1112 24 60 5.6
26.3095 62.1112 67 60 5.6
26.3095 62.1112 81 72 5.6
26.3095 62.1112 2 72 5.6
26.3095 62.1112 -6 54 5.6
26.3095 62.1112 40 48 5.6
23.3567 65.8596 86 84 5.6
23.3567 65.8596 80 54 5.6
23.3567 65.8596 77 66 5.6
23.3567 65.8596 -79 48 5.6
23.3567 65.8596 72 72 5.6
24.8706 62.1664 83 84 5.6
24.8706 62.1664 21 42 5.6
24.8706 62.1664 87 42 5.6
24.8706 62.1664 10 78 5.6
24.8706 62.1664 78 66 5.6
24.8706 62.1664 21 36 5.6
24.8706 62.1664 69 66 5.6
24.8706 62.1664 72 90 5.6
24.8706 62.1664 60 66 5.6
24.8706 62.1664 47 36 5.6
24.8706 62.1664 30 48 5.6
24.8706 62.1664 74 54 5.6
24.8706 62.1664 61 66 5.6
24.8706 62.1664 69 66 5.6
24.8706 62.1664 18 42 5.6
24.8706 62.1664 45 18 5.6
24.8706 62.1664 2 102 5.6
24.8706 62.1664 10 84 5.6
24.8706 62.1664 59 78 5.6
24.8706 62.1664 71 66 5.6
24.8706 62.1664 5 84 5.6
24.8706 62.1664 29 36 5.6
24.8706 62.1664 69 78 5.6
24.8706 62.1664 -4 48 5.6
24.8706 62.1664 68 90 5.6
24.8706 62.1664 73 84 5.6
24.8706 62.1664 -86 54 5.6
24.8706 62.1664 29 42 5.6
24.8706 62.1664 77 60 5.6
24.8706 62.1664 7 90 5.6
24.8706 62.1664 40 30 5.6
24.8706 62.1664 19 84 5.6
24.8706 62.1664 -2 132 5.6
24.8706 62.1664 17 54 5.6
24.8706 62.1664 -90 72 5.6
24.8706 62.1664 60 78 5.6
24.8706 62.1664 25 36 5.6
24.8706 62.1664 68 84 5.6
24.8706 62.1664 35 42 5.6
24.8706 62.1664 47 54 5.6
24.8706 62.1664 77 36 5.6
24.8706 62.1664 76 72 5.6
24.8706 62.1664 -76 60 5.6
24.8706 62.1664 80 42 5.6
24.8706 62.1664 78 66 5.6
24.8706 62.1664 76 48 5.6
24.8706 62.1664 77 84 5.6
24.8706 62.1664 75 42 5.6
24.8706 62.1664 63 42 5.6
24.8706 62.1664 -3 48 5.6
24.8706 62.1664 21 84 5.6
24.8706 62.1664 57 72 5.6
20.8037 69.043 71 48 5.6
20.8037 69.043 53 48 5.6
20.8037 69.043 73 72 5.6
20.8037 69.043 21 90 5.6
20.8037 69.043 43 36 5.6
20.8037 69.043 44 84 5.6
20.8037 69.043 -88 48 5.6
20.8037 69.043 66 60 5.6
20.8037 69.043 45 72 5.6
20.8037 69.043 39 30 5.6
20.8037 69.043 59 84 5.6
20.8037 69.043 47 96 5.6
20.8037 69.043 53 42 5.6
20.8037 69.043 85 90 5.6
20.8037 69.043 10 90 5.6
20.8037 69.043 55 54 5.6
20.8037 69.043 64 54 5.6
20.8037 69.043 67 66 5.6
20.8037 69.043 48 60 5.6
20.8037 69.043 75 54 5.6
20.8037 69.043 64 54 5.6
20.8037 69.043 68 42 5.6
20.8037 69.043 -3 72 5.6
20.8037 69.043 -1 78 5.6
20.8037 69.043 -87 66 5.6
5.247000000000001 59.211999999999996 -78 42 5.6
9.5982 59.6491 11 72 5.6
9.5982 59.6491 9 72 5.6
9.5982 59.6491 21 72 5.6
9.5982 59.6491 34 84 5.6
9.5982 59.6491 23 90 5.6
9.5982 59.6491 23 60 5.6
9.5982 59.6491 45 120 5.6
9.5982 59.6491 14 66 5.6
9.5982 59.6491 42 60 5.6
9.5982 59.6491 16 108 5.6
9.5982 59.6491 14 78 5.6
9.5982 59.6491 16 66 5.6
9.5982 59.6491 12 66 5.6
9.5982 59.6491 41 66 5.6
9.5982 59.6491 14 78 5.6
9.5982 59.6491 6 60 5.6
9.5982 59.6491 49 102 5.6
9.5982 59.6491 14 72 5.6
9.5982 59.6491 44 126 5.6
9.5982 59.6491 16 72 5.6
9.5982 59.6491 11 96 5.6
9.5982 59.6491 27 60 5.6
9.5982 59.6491 27 60 5.6
9.5982 59.6491 21 60 5.6
20.1607 68.2229 26 60 5.6
20.1607 68.2229 34 30 5.6
20.1607 68.2229 66 72 5.6
20.1607 68.2229 71 54 5.6
20.1607 68.2229 65 48 5.6
20.1607 68.2229 60 72 5.6
20.1607 68.2229 24 54 5.6
20.1607 68.2229 41 66 5.6
20.1607 68.2229 61 60 5.6
20.1607 68.2229 29 48 5.6
29.8907 66.0255 -1 54 5.6
29.8907 66.0255 -4 84 5.6
29.8907 66.0255 2 78 5.6
29.8907 66.0255 -5 48 5.6
29.8907 66.0255 15 54 5.6
29.8907 66.0255 11 72 5.6
29.8907 66.0255 8 66 5.6
29.8907 66.0255 25 42 5.6
29.8907 66.0255 17 78 5.6
29.8907 66.0255 37 42 5.6
29.8907 66.0255 41 42 5.6
29.8907 66.0255 19 84 5.6
29.8907 66.0255 24 48 5.6
29.8907 66.0255 23 66 5.6
29.8907 66.0255 39 42 5.6
29.8907 66.0255 -44 48 5.6
29.8907 66.0255 -2 54 5.6
29.8907 66.0255 13 90 5.6
29.8907 66.0255 1 78 5.6
20.3368 67.9542 84 102 5.6
20.3368 67.9542 77 66 5.6
20.3368 67.9542 73 48 5.6
20.3368 67.9542 53 78 5.6
20.3368 67.9542 53 72 5.6
20.3368 67.9542 57 72 5.6
20.3368 67.9542 65 78 5.6
21.988000000000003 68.0493 65 60 5.6
21.988000000000003 68.0493 76 42 5.6
21.988000000000003 68.0493 77 48 5.6
21.988000000000003 68.0493 73 48 5.6
21.988000000000003 68.0493 63 48 5.6
21.988000000000003 68.0493 72 60 5.6
21.988000000000003 68.0493 79 48 5.6
21.988000000000003 68.0493 77 48 5.6
21.988000000000003 68.0493 71 60 5.6
21.988000000000003 68.0493 84 72 5.6
19.848 65.2856 10 48 5.6
19.848 65.2856 56 72 5.6
19.848 65.2856 59 72 5.6
19.848 65.2856 52 84 5.6
19.848 65.2856 79 72 5.6
19.848 65.2856 54 78 5.6
19.848 65.2856 87 42 5.6
19.848 65.2856 36 60 5.6
15.5047 58.2232 85 42 5.6
15.5047 58.2232 -88 42 5.6
15.5047 58.2232 -86 66 5.6
15.5047 58.2232 88 78 5.6
15.5047 58.2232 70 24 5.6
15.5047 58.2232 23 48 5.6
13.542 68.131 7 72 5.6
13.446 55.632 -36 54 5.6
13.446 55.632 -70 54 5.6
13.446 55.632 -64 54 5.6
13.446 55.632 -53 96 5.6
34.6514 67.8979 7 72 5.6
34.6514 67.8979 7 84 5.6
34.6514 67.8979 5 72 5.6
34.6514 67.8979 7 72 5.6
34.6514 67.8979 -10 48 5.6
34.6514 67.8979 -13 54 5.6
34.6514 67.8979 11 60 5.6
34.6514 67.8979 12 60 5.6
34.6514 67.8979 16 48 5.6
34.6514 67.8979 24 48 5.6
34.6514 67.8979 12 54 5.6
34.6514 67.8979 -11 36 5.6
34.6514 67.8979 -4 78 5.6
34.6514 67.8979 8 54 5.6
34.6514 67.8979 4 102 5.6
34.6514 67.8979 6 96 5.6
34.6514 67.8979 4 84 5.6
34.6514 67.8979 8 66 5.6
34.6514 67.8979 12 60 5.6
34.6514 67.8979 -9 42 5.6
34.6514 67.8979 -5 78 5.6
34.6514 67.8979 10 60 5.6
34.6514 67.8979 2 60 5.6
34.6514 67.8979 -17 36 5.6
34.6514 67.8979 5 42 5.6
34.6514 67.8979 -20 96 5.6
34.6514 67.8979 18 54 5.6
34.6514 67.8979 10 66 5.6
34.6514 67.8979 14 60 5.6
34.6514 67.8979 -8 78 5.6
34.6514 67.8979 -18 54 5.6
34.6514 67.8979 24 54 5.6
34.6514 67.8979 6 66 5.6
34.6514 67.8979 -4 54 5.6
34.6514 67.8979 13 54 5.6
34.6514 67.8979 7 84 5.6
34.6514 67.8979 1 60 5.6
34.6514 67.8979 7 48 5.6
34.6514 67.8979 2 72 5.6
34.6514 67.8979 10 72 5.6
34.6514 67.8979 7 60 5.6
34.6514 67.8979 29 60 5.6
34.6514 67.8979 -8 42 5.6
34.6514 67.8979 8 84 5.6
34.6514 67.8979 6 78 5.6
34.6514 67.8979 6 78 5.6
34.6514 67.8979 2 48 5.6
34.6514 67.8979 2 48 5.6
34.6514 67.8979 0 72 5.6
34.6514 67.8979 -7 42 5.6
34.6514 67.8979 12 42 5.6
34.6514 67.8979 28 54 5.6
34.6514 67.8979 14 66 5.6
21.9983 67.4569 74 48 5.6
21.9983 67.4569 61 60 5.6
21.9983 67.4569 17 30 5.6
21.9983 67.4569 76 48 5.6
21.9983 67.4569 51 36 5.6
21.9983 67.4569 74 48 5.6
21.9983 67.4569 43 42 5.6
21.9983 67.4569 47 36 5.6
24.3958 60.2172 46 54 5.6
24.3958 60.2172 46 42 5.6
24.3958 60.2172 41 48 5.6
24.3958 60.2172 33 30 5.6
24.3958 60.2172 43 42 5.6
24.3958 60.2172 45 60 5.6
24.3958 60.2172 15 54 5.6
24.3958 60.2172 38 42 5.6
24.3958 60.2172 33 42 5.6
24.3958 60.2172 32 42 5.6
24.3958 60.2172 43 42 5.6
24.3958 60.2172 51 42 5.6
24.3958 60.2172 54 72 5.6
24.3958 60.2172 48 72 5.6
24.3958 60.2172 70 60 5.6
24.3958 60.2172 64 54 5.6
24.3958 60.2172 60 54 5.6
24.3958 60.2172 62 60 5.6
24.3958 60.2172 60 60 5.6
24.3958 60.2172 63 66 5.6
24.3958 60.2172 65 42 5.6
24.3958 60.2172 64 48 5.6
24.3958 60.2172 62 48 5.6
24.3958 60.2172 61 60 5.6
24.3958 60.2172 46 42 5.6
24.3958 60.2172 30 36 5.6
24.3958 60.2172 47 72 5.6
24.3958 60.2172 43 48 5.6
24.3958 60.2172 28 54 5.6
24.3958 60.2172 48 66 5.6
24.3958 60.2172 26 48 5.6
24.3958 60.2172 32 48 5.6
24.3958 60.2172 45 66 5.6
24.3958 60.2172 37 36 5.6
7.547000000000001 62.5698 30 36 5.6
7.547000000000001 62.5698 34 66 5.6
19.0294 65.7875 45 84 5.6
19.0294 65.7875 46 42 5.6
19.0294 65.7875 78 102 5.6
19.0294 65.7875 87 84 5.6
19.0294 65.7875 85 84 5.6
19.0294 65.7875 73 66 5.6
19.0294 65.7875 67 66 5.6
19.0294 65.7875 61 72 5.6
19.0294 65.7875 61 60 5.6
19.0294 65.7875 65 72 5.6
19.0294 65.7875 50 60 5.6
19.0294 65.7875 43 60 5.6
19.0294 65.7875 9 48 5.6
19.0294 65.7875 55 54 5.6
19.0294 65.7875 68 78 5.6
19.0294 65.7875 66 72 5.6
29.0402 65.9113 4 78 5.6
29.0402 65.9113 8 42 5.6
29.0402 65.9113 24 54 5.6
29.0402 65.9113 26 66 5.6
29.0402 65.9113 3 54 5.6
29.0402 65.9113 28 54 5.6
29.0402 65.9113 13 36 5.6
29.0402 65.9113 9 48 5.6
29.0402 65.9113 7 54 5.6
29.0402 65.9113 8 66 5.6
29.0402 65.9113 24 42 5.6
29.0402 65.9113 35 54 5.6
29.0402 65.9113 26 54 5.6
29.0402 65.9113 21 60 5.6
29.0402 65.9113 19 54 5.6
29.0402 65.9113 24 60 5.6
29.0402 65.9113 36 36 5.6
29.0402 65.9113 26 60 5.6
29.0402 65.9113 22 54 5.6
29.0402 65.9113 36 42 5.6
29.0402 65.9113 30 48 5.6
29.0402 65.9113 32 60 5.6
29.0402 65.9113 30 60 5.6
29.0402 65.9113 23 48 5.6
29.0402 65.9113 25 60 5.6
29.0402 65.9113 21 54 5.6
29.0402 65.9113 23 48 5.6
29.0402 65.9113 23 42 5.6
29.0402 65.9113 29 60 5.6
29.0402 65.9113 22 60 5.6
29.0402 65.9113 32 42 5.6
29.0402 65.9113 22 66 5.6
29.0402 65.9113 79 48 5.6
29.0402 65.9113 60 30 5.6
29.0402 65.9113 32 48 5.6
29.0402 65.9113 24 72 5.6
29.0402 65.9113 4 42 5.6
29.0402 65.9113 0 102 5.6
29.0402 65.9113 19 48 5.6
29.0402 65.9113 21 84 5.6
29.0402 65.9113 27 54 5.6
29.0402 65.9113 37 60 5.6
9.1733 56.455 -63 48 5.6
9.1733 56.455 -68 60 5.6
9.1733 56.455 -75 54 5.6
13.1157 66.0951 13 60 5.6
13.1157 66.0951 47 66 5.6
14.0562 66.1406 42 48 5.6
16.5613 66.4717 77 42 5.6
16.5613 66.4717 81 60 5.6
16.5613 66.4717 61 42 5.6
16.5613 66.4717 73 48 5.6
16.5613 66.4717 65 54 5.6
17.5295 66.6073 73 54 5.6
17.5295 66.6073 56 54 5.6
17.5295 66.6073 72 60 5.6
17.5295 66.6073 54 66 5.6
15.4821 65.7581 66 60 5.6
15.4821 65.7581 53 78 5.6
16.2446 65.9673 51 60 5.6
16.2446 65.9673 63 66 5.6
16.2446 65.9673 60 54 5.6
16.2446 65.9673 77 54 5.6
16.1439 65.207 77 60 5.6
16.1439 65.207 77 60 5.6
16.1439 65.207 80 72 5.6
16.1439 65.207 76 66 5.6
16.1439 65.207 67 78 5.6
16.9557 64.7975 50 54 5.6
16.9557 64.7975 64 42 5.6
17.6128 64.9657 69 42 5.6
17.6128 64.9657 71 42 5.6
17.1136 65.1625 70 42 5.6
17.1136 65.1625 68 48 5.6
17.1136 65.1625 67 60 5.6
17.1136 65.1625 67 66 5.6
16.1918 65.744 49 66 5.6
16.1918 65.744 65 60 5.6
17.7294 65.6478 79 66 5.6
17.7294 65.6478 48 78 5.6
17.7294 65.6478 83 36 5.6
14.7075 68.5788 54 48 5.6
14.7075 68.5788 64 48 5.6
14.7075 68.5788 64 48 5.6
14.9863 68.3134 70 54 5.6
14.9863 68.3134 8 54 5.6
14.9863 68.3134 34 60 5.6
14.9863 68.3134 43 48 5.6
14.9863 68.3134 35 66 5.6
16.5611 68.7839 61 60 5.6
16.5611 68.7839 46 60 5.6
16.5611 68.7839 55 102 5.6
16.5611 68.7839 74 42 5.6
16.5611 68.7839 42 60 5.6
16.5611 68.7839 61 54 5.6
16.5611 68.7839 27 54 5.6
15.5136 68.1033 71 48 5.6
15.5136 68.1033 47 66 5.6
15.5136 68.1033 53 60 5.6
15.5136 68.1033 6 54 5.6
15.5136 68.1033 45 66 5.6
15.9367 67.9662 48 54 5.6
15.9367 67.9662 23 48 5.6
15.9533 68.4004 62 48 5.6
15.9533 68.4004 68 48 5.6
15.9533 68.4004 72 72 5.6
15.9533 68.4004 65 60 5.6
15.2277 67.76100000000001 20 48 5.6
15.437999999999999 68.7139 45 72 5.6
15.437999999999999 68.7139 51 60 5.6
15.437999999999999 68.7139 40 60 5.6
15.437999999999999 68.7139 59 48 5.6
12.6935 67.6639 26 72 5.6
12.6935 67.6639 23 60 5.6
12.6935 67.6639 27 66 5.6
12.6935 67.6639 33 72 5.6
12.6935 67.6639 38 90 5.6
14.1976 68.3212 5 60 5.6
14.1976 68.3212 4 60 5.6
14.1976 68.3212 29 54 5.6
13.1862 58.9278 -13 48 5.6
13.1862 58.9278 -5 60 5.6
13.1862 58.9278 -1 30 5.6
13.1862 58.9278 -5 96 5.6
13.1862 58.9278 9 36 5.6
14.0306 67.0368 36 48 5.6
14.6364 67.3871 30 66 5.6
14.6364 67.3871 33 42 5.6
13.1199 66.3879 56 48 5.6
13.9581 66.8161 8 42 5.6
13.9581 66.8161 4 42 5.6
14.4622 67.1909 -2 108 5.6
14.4622 67.1909 9 48 5.6
14.4622 67.1909 7 60 5.6
13.7354 66.9732 -3 72 5.6
13.0097 66.513 12 36 5.6
13.0097 66.513 12 48 5.6
13.0097 66.513 26 48 5.6
10.7774 61.0307 -40 42 5.6
10.7774 61.0307 -40 48 5.6
10.7774 61.0307 -75 42 5.6
10.7629 61.2759 -48 48 5.6
10.7629 61.2759 -46 36 5.6
10.7629 61.2759 -46 48 5.6
11.369000000000002 61.2251 -37 54 5.6
11.369000000000002 61.2251 -59 54 5.6
11.369000000000002 61.2251 -68 60 5.6
11.369000000000002 61.2251 -83 96 5.6
11.369000000000002 61.2251 -66 54 5.6
11.7153 61.1128 -25 66 5.6
11.5414 60.7353 38 48 5.6
19.0347 67.8673 79 90 5.6
19.0347 67.8673 17 72 5.6
19.0347 67.8673 49 78 5.6
19.0347 67.8673 9 72 5.6
19.0347 67.8673 42 54 5.6
19.0347 67.8673 33 42 5.6
19.0347 67.8673 53 72 5.6
19.0347 67.8673 18 48 5.6
19.0347 67.8673 26 54 5.6
19.0347 67.8673 58 54 5.6
19.0347 67.8673 56 66 5.6
19.0347 67.8673 60 66 5.6
14.8573 63.4428 -38 42 5.6
14.8573 63.4428 -51 54 5.6
14.8573 63.4428 -49 48 5.6
14.8573 63.4428 -77 60 5.6
15.0401 59.5704 70 78 5.6
15.0401 59.5704 63 72 5.6
15.0401 59.5704 76 60 5.6
15.0401 59.5704 87 36 5.6
18.6308 59.6769 -4 78 5.6
18.6308 59.6769 65 48 5.6
18.6308 59.6769 -89 60 5.6
18.6308 59.6769 -9 42 5.6
18.6308 59.6769 -87 42 5.6
18.6308 59.6769 -76 48 5.6
18.6308 59.6769 79 24 5.6
11.9673 64.5307 61 54 5.6
11.9673 64.5307 -77 36 5.6
9.7362 63.4946 38 24 5.6
9.7362 63.4946 13 72 5.6
7.1518 62.7815 33 48 5.6
6.9239999999999995 60.576 -28 42 5.6
6.9239999999999995 60.576 -8 54 5.6
6.9239999999999995 60.576 2 48 5.6
6.9239999999999995 60.576 -3 66 5.6
8.2907 60.618 7 48 5.6
11.815 59.8529 71 48 5.6
11.815 59.8529 74 36 5.6
11.815 59.8529 44 30 5.6
11.815 59.8529 88 36 5.6
6.5938 59.9526 -16 54 5.6
6.5938 59.9526 -4 72 5.6
6.5938 59.9526 2 72 5.6
6.5938 59.9526 -17 66 5.6
6.5938 59.9526 -9 66 5.6
6.5938 59.9526 9 66 5.6
5.2414 59.2681 -58 66 5.6
5.2414 59.2681 -48 78 5.6
9.0357 58.7485 5 66 5.6
9.0357 58.7485 -10 54 5.6
9.0357 58.7485 -17 96 5.6
7.4186 58.6201 -23 102 5.6
7.4186 58.6201 -15 78 5.6
7.4186 58.6201 -13 66 5.6
7.4186 58.6201 -31 90 5.6
7.4186 58.6201 -26 66 5.6
7.4186 58.6201 -26 60 5.6
7.4186 58.6201 -12 48 5.6
7.4186 58.6201 -7 84 5.6
7.4186 58.6201 -22 72 5.6
7.4186 58.6201 -11 48 5.6
5.6824 58.7424 -52 54 5.6
6.6196 58.1312 7 54 5.6
6.6196 58.1312 -10 48 5.6
6.6196 58.1312 13 60 5.6
6.6196 58.1312 0 72 5.6
6.6196 58.1312 -5 54 5.6
6.6196 58.1312 16 78 5.6
6.6196 58.1312 -22 48 5.6
6.6196 58.1312 -18 60 5.6
6.6196 58.1312 -32 72 5.6
6.6196 58.1312 -27 120 5.6
6.6196 58.1312 11 60 5.6
6.6196 58.1312 -1 60 5.6
7.3859 59.4949 -19 72 5.6
18.0042 59.0047 78 30 5.6
18.0042 59.0047 86 18 5.6
18.0042 59.0047 -90 72 5.6
18.0042 59.0047 -84 66 5.6
18.0042 59.0047 60 36 5.6
18.0042 59.0047 84 114 5.6
18.0042 59.0047 86 78 5.6
18.0042 59.0047 79 66 5.6
6.627999999999999 59.912 4 72 5.6
6.627999999999999 59.912 15 54 5.6
6.627999999999999 59.912 1 72 5.6
6.627999999999999 59.912 -7 84 5.6
20.7162 64.4085 -83 102 5.6
20.7162 64.4085 83 84 5.6
20.7162 64.4085 74 24 5.6
20.7162 64.4085 65 42 5.6
20.7162 64.4085 75 66 5.6
20.7162 64.4085 78 48 5.6
20.7162 64.4085 61 48 5.6
11.9177 57.3965 -16 36 5.6
11.9177 57.3965 -77 72 5.6
11.9177 57.3965 -12 54 5.6
11.9177 57.3965 -38 42 5.6
11.9177 57.3965 -24 78 5.6
11.9177 57.3965 -60 48 5.6
11.9177 57.3965 -40 30 5.6
16.0994 57.1947 13 24 5.6
16.0994 57.1947 -73 96 5.6
17.1342 60.2298 -60 36 5.6
17.1342 60.2298 77 48 5.6
17.1342 60.2298 76 60 5.6
17.1342 60.2298 -76 72 5.6
17.1342 60.2298 52 42 5.6
17.1342 60.2298 -79 42 5.6
17.1342 60.2298 -76 60 5.6
17.1342 60.2298 -76 60 5.6
17.1342 60.2298 -71 42 5.6
17.1342 60.2298 54 54 5.6
17.1342 60.2298 -81 78 5.6
17.1342 60.2298 -83 78 5.6
24.7314 64.3673 76 84 5.6
24.7314 64.3673 84 108 5.6
24.7314 64.3673 76 90 5.6
24.7314 64.3673 -86 132 5.6
24.7314 64.3673 79 66 5.6
24.7314 64.3673 85 66 5.6
24.7314 64.3673 7 72 5.6
24.7314 64.3673 -86 48 5.6
24.7314 64.3673 78 66 5.6
25.8964 65.0853 69 78 5.6
25.8964 65.0853 78 132 5.6
25.8964 65.0853 69 66 5.6
25.8964 65.0853 81 84 5.6
25.8964 65.0853 66 66 5.6
25.8964 65.0853 75 84 5.6
25.8964 65.0853 75 84 5.6
25.8964 65.0853 76 84 5.6
25.8964 65.0853 61 90 5.6
25.8964 65.0853 81 66 5.6
25.8964 65.0853 73 72 5.6
25.8964 65.0853 75 60 5.6
25.8964 65.0853 73 60 5.6
25.8964 65.0853 77 66 5.6
25.8964 65.0853 73 66 5.6
25.8964 65.0853 72 78 5.6
25.8964 65.0853 72 72 5.6
25.8964 65.0853 66 78 5.6
25.8964 65.0853 78 72 5.6
25.8964 65.0853 72 66 5.6
25.8964 65.0853 74 60 5.6
25.8964 65.0853 78 66 5.6
25.8964 65.0853 82 54 5.6
25.8964 65.0853 75 48 5.6
25.8964 65.0853 41 96 5.6
25.8964 65.0853 49 54 5.6
25.8964 65.0853 51 66 5.6
25.8964 65.0853 53 54 5.6
25.8964 65.0853 45 54 5.6
25.8964 65.0853 53 54 5.6
25.8964 65.0853 47 54 5.6
25.8964 65.0853 35 48 5.6
25.8964 65.0853 38 48 5.6
25.8964 65.0853 46 54 5.6
25.8964 65.0853 40 36 5.6
25.8964 65.0853 58 72 5.6
25.8964 65.0853 37 60 5.6
25.8964 65.0853 46 48 5.6
25.8964 65.0853 47 54 5.6
25.8964 65.0853 49 30 5.6
25.8964 65.0853 49 36 5.6
25.8964 65.0853 35 36 5.6
25.8964 65.0853 54 48 5.6
25.8964 65.0853 76 30 5.6
25.8964 65.0853 -78 60 5.6
25.8964 65.0853 -55 18 5.6
25.8964 65.0853 32 72 5.6
25.8964 65.0853 65 48 5.6
25.8964 65.0853 44 54 5.6
25.8964 65.0853 50 54 5.6
25.8964 65.0853 81 72 5.6
25.8964 65.0853 77 72 5.6
25.8964 65.0853 61 54 5.6
25.8964 65.0853 51 60 5.6
25.8964 65.0853 37 48 5.6
25.8964 65.0853 75 48 5.6
25.8964 65.0853 80 42 5.6
25.8964 65.0853 42 36 5.6
23.968000000000004 55.5052 81 60 5.6
23.968000000000004 55.5052 -85 48 5.6
23.968000000000004 55.5052 79 66 5.6
23.968000000000004 55.5052 -87 66 5.6
23.968000000000004 55.5052 84 90 5.6
23.968000000000004 55.5052 -68 54 5.6
23.968000000000004 55.5052 83 66 5.6
23.968000000000004 55.5052 -76 48 5.6
23.968000000000004 55.5052 77 48 5.6
23.113000000000003 67.024 49 66 5.6
23.113000000000003 67.024 45 36 5.6
23.113000000000003 67.024 59 60 5.6
23.113000000000003 67.024 13 84 5.6
23.113000000000003 67.024 47 84 5.6
23.113000000000003 67.024 9 60 5.6
23.113000000000003 67.024 78 90 5.6
23.113000000000003 67.024 59 84 5.6
23.113000000000003 67.024 74 126 5.6
23.113000000000003 67.024 78 102 5.6
23.113000000000003 67.024 -2 66 5.6
23.113000000000003 67.024 4 96 5.6
21.9294 56.0236 -81 36 5.6
21.9294 56.0236 -73 48 5.6
30.316999999999997 59.766999999999996 13 54 5.6
30.316999999999997 59.766999999999996 13 66 5.6
30.316999999999997 59.766999999999996 20 84 5.6
30.316999999999997 59.766999999999996 15 54 5.6
30.316999999999997 59.766999999999996 33 84 5.6
30.316999999999997 59.766999999999996 56 72 5.6
30.316999999999997 59.766999999999996 21 72 5.6
30.316999999999997 59.766999999999996 21 36 5.6
30.316999999999997 59.766999999999996 13 42 5.6
30.316999999999997 59.766999999999996 14 60 5.6
30.316999999999997 59.766999999999996 33 54 5.6
30.316999999999997 59.766999999999996 29 72 5.6
30.316999999999997 59.766999999999996 35 48 5.6
30.316999999999997 59.766999999999996 36 42 5.6
30.316999999999997 59.766999999999996 34 48 5.6
30.316999999999997 59.766999999999996 26 36 5.6
30.316999999999997 59.766999999999996 22 48 5.6
30.316999999999997 59.766999999999996 19 54 5.6
30.316999999999997 59.766999999999996 17 48 5.6
30.316999999999997 59.766999999999996 21 72 5.6
30.316999999999997 59.766999999999996 34 48 5.6
25.859 60.5454 8 84 5.6
25.859 60.5454 23 120 5.6
25.859 60.5454 41 36 5.6
25.859 60.5454 63 30 5.6
25.859 60.5454 16 66 5.6
25.859 60.5454 30 42 5.6
25.859 60.5454 81 60 5.6
25.859 60.5454 29 42 5.6
25.859 60.5454 74 48 5.6
25.859 60.5454 -9 54 5.6
25.859 60.5454 28 36 5.6
25.859 60.5454 16 84 5.6
25.859 60.5454 68 66 5.6
25.859 60.5454 35 54 5.6
25.859 60.5454 69 78 5.6
25.859 60.5454 2 66 5.6
25.859 60.5454 29 84 5.6
25.859 60.5454 30 48 5.6
25.859 60.5454 16 54 5.6
25.859 60.5454 74 48 5.6
25.859 60.5454 40 30 5.6
25.859 60.5454 6 60 5.6
25.859 60.5454 56 36 5.6
25.859 60.5454 44 36 5.6
25.859 60.5454 20 66 5.6
25.859 60.5454 -8 66 5.6
25.859 60.5454 6 108 5.6
25.859 60.5454 -8 84 5.6
21.7679 61.0227 66 42 5.6
21.7679 61.0227 72 36 5.6
21.7679 61.0227 65 18 5.6
21.7679 61.0227 -2 42 5.6
21.7679 61.0227 -4 48 5.6
21.7679 61.0227 2 66 5.6
21.7679 61.0227 -9 72 5.6
21.7679 61.0227 21 36 5.6
21.7679 61.0227 11 42 5.6
21.7679 61.0227 -58 24 5.6
21.7679 61.0227 20 78 5.6
19.5913 67.8234 29 60 5.6
19.5913 67.8234 42 36 5.6
19.5913 67.8234 60 72 5.6
19.5913 67.8234 70 78 5.6
19.5913 67.8234 31 30 5.6
19.5913 67.8234 75 66 5.6
19.5913 67.8234 55 84 5.6
19.5913 67.8234 68 66 5.6
19.5913 67.8234 10 90 5.6
19.5913 67.8234 26 30 5.6
19.5913 67.8234 63 90 5.6
19.5913 67.8234 35 30 5.6
19.5913 67.8234 45 48 5.6
26.0135 66.609 73 78 5.6
26.0135 66.609 72 66 5.6
26.0135 66.609 67 72 5.6
26.0135 66.609 89 66 5.6
26.0135 66.609 80 54 5.6
26.0135 66.609 66 60 5.6
26.0135 66.609 74 72 5.6
26.0135 66.609 66 72 5.6
26.0135 66.609 88 78 5.6
26.0135 66.609 77 66 5.6
26.0135 66.609 83 72 5.6
26.0135 66.609 67 60 5.6
26.0135 66.609 79 66 5.6
26.0135 66.609 71 54 5.6
26.0135 66.609 77 72 5.6
26.0135 66.609 77 54 5.6
26.0135 66.609 88 54 5.6
26.0135 66.609 49 30 5.6
26.0135 66.609 39 42 5.6
26.0135 66.609 42 24 5.6
26.0135 66.609 56 48 5.6
26.0135 66.609 48 36 5.6
26.0135 66.609 39 30 5.6
26.0135 66.609 53 42 5.6
26.0135 66.609 39 30 5.6
26.0135 66.609 35 42 5.6
26.0135 66.609 60 78 5.6
26.0135 66.609 51 36 5.6
26.0135 66.609 75 48 5.6
26.0135 66.609 31 54 5.6
26.0135 66.609 72 42 5.6
26.0135 66.609 50 42 5.6
26.0135 66.609 53 48 5.6
26.0135 66.609 83 72 5.6
26.0135 66.609 67 72 5.6
26.0135 66.609 85 78 5.6
26.0135 66.609 69 54 5.6
26.0135 66.609 -75 36 5.6
26.0135 66.609 67 78 5.6
26.0135 66.609 88 48 5.6
26.0135 66.609 -90 66 5.6
26.0135 66.609 66 72 5.6
26.0135 66.609 68 90 5.6
26.0135 66.609 72 48 5.6
15.814 61.42 87 48 5.6
15.814 61.42 -86 48 5.6
15.814 61.42 86 84 5.6
25.8169 71.1111 9 48 5.6
25.8169 71.1111 5 60 5.6
25.8169 71.1111 7 78 5.6
29.0668 70.5034 27 42 5.6
25.4769 70.3191 7 66 5.6
25.4769 70.3191 12 66 5.6
25.4769 70.3191 -6 72 5.6
25.4769 70.3191 19 60 5.6
25.4769 70.3191 5 48 5.6
25.4769 70.3191 15 66 5.6
25.4769 70.3191 -3 36 5.6
25.4769 70.3191 9 54 5.6
31.0994 70.3712 32 42 5.6
20.9731 70.0378 25 78 5.6
20.9731 70.0378 31 84 5.6
20.9731 70.0378 48 54 5.6
20.9731 70.0378 34 66 5.6
20.9731 70.0378 33 96 5.6
20.7599 70.1343 61 66 5.6
20.7599 70.1343 24 84 5.6
20.7599 70.1343 27 72 5.6
23.3737 70.1272 9 72 5.6
22.0623 69.7642 47 66 5.6
22.0623 69.7642 21 90 5.6
30.0391 69.4536 -4 84 5.6
30.0391 69.4536 -10 60 5.6
30.0391 69.4536 21 72 5.6
30.0391 69.4536 12 54 5.6
30.0391 69.4536 14 60 5.6
30.0391 69.4536 25 60 5.6
18.9144 68.9731 56 96 5.6
18.9144 68.9731 20 42 5.6
18.9144 68.9731 8 84 5.6
18.9144 68.9731 26 30 5.6
18.9144 68.9731 51 66 5.6
18.8368 68.3491 34 48 5.6
18.8368 68.3491 51 84 5.6
18.8368 68.3491 47 78 5.6
18.8368 68.3491 45 96 5.6
18.8368 68.3491 43 78 5.6
18.8368 68.3491 43 96 5.6
18.8368 68.3491 43 90 5.6
18.8368 68.3491 47 90 5.6
18.8368 68.3491 57 78 5.6
18.8368 68.3491 29 36 5.6
18.8368 68.3491 49 84 5.6
18.8368 68.3491 45 96 5.6
21.6242 67.6962 77 60 5.6
18.3647 67.4746 57 60 5.6
21.0775 67.1517 66 30 5.6
21.0775 67.1517 62 30 5.6
17.7264 66.9529 54 48 5.6
23.5642 66.7393 44 54 5.6
23.5642 66.7393 63 48 5.6
22.1788 66.5654 59 72 5.6
22.1788 66.5654 58 72 5.6
22.1788 66.5654 56 102 5.6
22.1788 66.5654 22 36 5.6
22.1788 66.5654 47 30 5.6
22.1788 66.5654 29 60 5.6
22.1788 66.5654 63 48 5.6
22.1788 66.5654 63 84 5.6
22.1788 66.5654 79 72 5.6
19.6862 66.4298 59 84 5.6
19.6862 66.4298 65 54 5.6
19.6862 66.4298 69 90 5.6
19.6862 66.4298 71 84 5.6
25.0304 66.0406 61 72 5.6
25.0304 66.0406 53 66 5.6
25.0304 66.0406 70 54 5.6
25.0304 66.0406 44 66 5.6
25.0304 66.0406 2 42 5.6
25.0304 66.0406 10 36 5.6
20.3008 65.9262 67 72 5.6
20.3008 65.9262 62 108 5.6
20.3008 65.9262 63 72 5.6
20.3008 65.9262 66 60 5.6
20.3008 65.9262 -70 54 5.6
20.3008 65.9262 54 96 5.6
20.9542 65.7356 60 72 5.6
20.9542 65.7356 62 60 5.6
15.8965 65.4823 60 54 5.6
15.8965 65.4823 70 72 5.6
15.8965 65.4823 77 102 5.6
15.8965 65.4823 83 60 5.6
15.8965 65.4823 59 72 5.6
15.8965 65.4823 75 84 5.6
15.8965 65.4823 79 66 5.6
27.5106 65.4469 25 36 5.6
27.5106 65.4469 61 54 5.6
27.5106 65.4469 17 54 5.6
27.5106 65.4469 15 66 5.6
19.8452 65.2879 61 60 5.6
19.8452 65.2879 56 78 5.6
19.8452 65.2879 72 84 5.6
19.8452 65.2879 75 60 5.6
19.8452 65.2879 80 84 5.6
19.8452 65.2879 85 66 5.6
21.4977 65.0923 68 78 5.6
21.4977 65.0923 79 42 5.6
21.4977 65.0923 70 60 5.6
21.4977 65.0923 68 66 5.6
18.500999999999998 64.9911 -62 36 5.6
13.5813 64.9876 45 54 5.6
13.5813 64.9876 54 66 5.6
13.5813 64.9876 67 36 5.6
24.5172 64.4402 80 66 5.6
16.8178 64.2467 58 36 5.6
19.0003 64.1291 -86 54 5.6
19.0003 64.1291 70 42 5.6
19.0003 64.1291 -12 36 5.6
10.2317 63.9665 58 222 5.6
10.2317 63.9665 64 204 5.6
10.2317 63.9665 51 48 5.6
10.2317 63.9665 30 72 5.6
10.2317 63.9665 51 54 5.6
10.2317 63.9665 40 60 5.6
10.2317 63.9665 56 54 5.6
10.2317 63.9665 66 78 5.6
23.0079 63.8265 -68 96 5.6
23.0079 63.8265 81 96 5.6
19.3658 63.5492 73 54 5.6
19.3658 63.5492 -48 36 5.6
19.3658 63.5492 72 48 5.6
18.0945 63.4896 80 78 5.6
18.0945 63.4896 -61 48 5.6
16.3224 63.114 -50 48 5.6
16.3224 63.114 43 42 5.6
16.3224 63.114 65 60 5.6
16.3224 63.114 88 42 5.6
11.6437 63.0441 18 78 5.6
22.4878 62.9381 71 42 5.6
22.4878 62.9381 -62 54 5.6
18.1489 62.7504 21 30 5.6
18.1489 62.7504 53 30 5.6
14.9213 62.4494 -20 102 5.6
14.9213 62.4494 -31 60 5.6
17.3793 61.693000000000005 88 78 5.6
17.3793 61.693000000000005 85 72 5.6
25.0399 61.0537 41 48 5.6
25.0399 61.0537 25 48 5.6
25.0399 61.0537 41 66 5.6
25.0399 61.0537 40 60 5.6
25.0399 61.0537 67 60 5.6
25.0399 61.0537 30 48 5.6
25.0399 61.0537 25 54 5.6
25.0399 61.0537 20 48 5.6
25.0399 61.0537 66 78 5.6
25.0399 61.0537 30 66 5.6
25.0399 61.0537 58 60 5.6
25.0399 61.0537 57 66 5.6
25.0399 61.0537 17 66 5.6
25.0399 61.0537 23 72 5.6
15.7698 61.0535 80 54 5.6
15.7698 61.0535 -70 66 5.6
22.4439 60.4158 77 42 5.6
22.4439 60.4158 72 36 5.6
18.5067 67.3801 53 66 5.6
26.5261 67.4421 45 72 5.6
26.5261 67.4421 29 30 5.6
26.5261 67.4421 42 30 5.6
26.5261 67.4421 50 42 5.6
26.5261 67.4421 34 30 5.6
26.5261 67.4421 22 36 5.6
26.5261 67.4421 24 30 5.6
26.5261 67.4421 32 36 5.6
26.5261 67.4421 42 48 5.6
26.5261 67.4421 57 42 5.6
26.5261 67.4421 30 42 5.6
26.5261 67.4421 33 54 5.6
26.5261 67.4421 47 36 5.6
26.5261 67.4421 73 30 5.6
26.5261 67.4421 62 54 5.6
26.5261 67.4421 38 60 5.6
26.5261 67.4421 57 36 5.6
26.5261 67.4421 51 36 5.6
26.5261 67.4421 42 60 5.6
26.5261 67.4421 63 48 5.6
26.5261 67.4421 62 60 5.6
26.5261 67.4421 69 54 5.6
26.5261 67.4421 85 54 5.6
26.5261 67.4421 66 60 5.6
26.5261 67.4421 87 54 5.6
26.5261 67.4421 73 30 5.6
26.5261 67.4421 56 60 5.6
26.5261 67.4421 66 42 5.6
26.5261 67.4421 67 48 5.6
26.5261 67.4421 69 42 5.6
26.5261 67.4421 71 42 5.6
26.5261 67.4421 69 48 5.6
26.5261 67.4421 67 48 5.6
26.5261 67.4421 83 48 5.6
26.5261 67.4421 70 42 5.6
26.5261 67.4421 76 60 5.6
26.5261 67.4421 58 72 5.6
26.5261 67.4421 87 60 5.6
26.5261 67.4421 70 42 5.6
26.5261 67.4421 65 48 5.6
26.5261 67.4421 78 48 5.6
26.5261 67.4421 76 60 5.6
21.6055 65.508 75 84 5.6
21.6055 65.508 70 78 5.6
21.6055 65.508 56 96 5.6
21.6055 65.508 65 72 5.6
21.6055 65.508 74 84 5.6
21.6055 65.508 61 78 5.6
21.6055 65.508 80 90 5.6
8.304 60.68 -11 60 5.6
8.304 60.68 -19 42 5.6
22.2905 57.6287 80 36 5.6
22.2905 57.6287 -76 78 5.6
22.2905 57.6287 -86 60 5.6
22.2905 57.6287 -67 36 5.6
22.2905 57.6287 -84 78 5.6
22.2905 57.6287 -83 66 5.6
22.2905 57.6287 -76 72 5.6
22.2905 57.6287 -82 66 5.6
22.2905 57.6287 -78 102 5.6
22.2905 57.6287 -81 72 5.6
22.2905 57.6287 -87 60 5.6
22.2905 57.6287 -54 30 5.6
22.2905 57.6287 -63 66 5.6
22.2905 57.6287 88 66 5.6
22.2905 57.6287 -78 72 5.6
22.2905 57.6287 -77 84 5.6
22.2905 57.6287 84 60 5.6
22.2905 57.6287 85 54 5.6
22.2905 57.6287 -82 66 5.6
22.2905 57.6287 -82 54 5.6
17.258 63.247 -48 42 5.6
17.258 63.247 -62 60 5.6
17.258 63.247 -52 48 5.6
17.258 63.247 -60 54 5.6
17.258 63.247 -74 72 5.6
17.258 63.247 -64 78 5.6
17.258 63.247 -56 72 5.6
17.258 63.247 -74 90 5.6
17.258 63.247 -66 78 5.6
5.702000000000001 58.935 -40 114 5.6
5.702000000000001 58.935 -11 54 5.6
5.702000000000001 58.935 -22 54 5.6
5.702000000000001 58.935 -12 96 5.6
15.242 67.93 31 72 5.6
15.242 67.93 29 60 5.6
15.242 67.93 39 78 5.6
15.242 67.93 36 78 5.6
15.242 67.93 43 90 5.6
15.242 67.93 37 66 5.6
15.242 67.93 39 78 5.6
11.1825 59.0345 46 36 5.6
26.1506 62.7191 39 42 5.6
26.1506 62.7191 43 54 5.6
26.1506 62.7191 57 48 5.6
26.1506 62.7191 47 42 5.6
26.1506 62.7191 42 54 5.6
26.1506 62.7191 34 42 5.6
26.1506 62.7191 39 48 5.6
26.1506 62.7191 38 42 5.6
26.1506 62.7191 69 48 5.6
26.1506 62.7191 34 48 5.6
26.1506 62.7191 64 30 5.6
26.1506 62.7191 59 54 5.6
26.1506 62.7191 44 42 5.6
26.1506 62.7191 40 48 5.6
26.1506 62.7191 27 36 5.6
26.1506 62.7191 28 48 5.6
26.1506 62.7191 40 42 5.6
26.1506 62.7191 38 42 5.6
26.1506 62.7191 46 42 5.6
19.575 64.494 85 48 5.6
19.575 64.494 76 60 5.6
19.575 64.494 14 72 5.6
10.4345 63.4197 -78 42 5.6
11.625 58.032 -29 66 5.6
11.625 58.032 -60 108 5.6
11.625 58.032 -78 66 5.6
24.33 66.08 56 72 5.6
24.33 66.08 61 60 5.6
24.33 66.08 82 114 5.6
24.33 66.08 67 48 5.6
24.33 66.08 57 54 5.6
24.33 66.08 64 72 5.6
24.33 66.08 34 48 5.6
24.33 66.08 33 54 5.6
24.33 66.08 40 48 5.6
24.33 66.08 56 42 5.6
24.33 66.08 61 36 5.6
24.33 66.08 59 66 5.6
24.33 66.08 73 54 5.6
24.33 66.08 30 60 5.6
24.33 66.08 28 66 5.6
24.33 66.08 -80 78 5.6
18.9077 69.6345 13 120 5.6
18.9077 69.6345 36 72 5.6
18.9077 69.6345 25 108 5.6
18.9077 69.6345 26 72 5.6
18.9077 69.6345 15 84 5.6
18.9077 69.6345 16 90 5.6
18.9077 69.6345 15 72 5.6
18.9077 69.6345 12 108 5.6
18.9077 69.6345 30 78 5.6
18.9077 69.6345 23 72 5.6
18.9077 69.6345 79 36 5.6
18.9077 69.6345 56 66 5.6
18.9077 69.6345 53 66 5.6
18.9077 69.6345 16 60 5.6
18.9077 69.6345 25 84 5.6
18.9077 69.6345 14 90 5.6
18.9077 69.6345 15 66 5.6
18.9077 69.6345 29 78 5.6
18.9077 69.6345 25 54 5.6
18.9077 69.6345 63 66 5.6
18.9077 69.6345 68 72 5.6
18.9077 69.6345 39 60 5.6
18.9077 69.6345 85 36 5.6
18.9077 69.6345 53 72 5.6
18.9077 69.6345 61 102 5.6
18.9077 69.6345 22 84 5.6
18.9077 69.6345 20 78 5.6
18.9077 69.6345 30 72 5.6
18.9077 69.6345 49 90 5.6
18.9077 69.6345 24 66 5.6
18.9077 69.6345 55 72 5.6
18.9077 69.6345 59 84 5.6
18.9077 69.6345 25 72 5.6
18.9077 69.6345 23 72 5.6
18.9077 69.6345 26 78 5.6
18.9077 69.6345 31 72 5.6
18.9077 69.6345 27 72 5.6
18.9077 69.6345 49 78 5.6
18.9077 69.6345 33 78 5.6
18.9077 69.6345 21 84 5.6
18.9077 69.6345 58 60 5.6
18.9077 69.6345 24 78 5.6
18.9077 69.6345 45 54 5.6
18.9077 69.6345 20 54 5.6
18.9077 69.6345 19 84 5.6
18.9077 69.6345 17 78 5.6
13.607000000000001 60.09 -7 48 5.6
13.607000000000001 60.09 41 36 5.6
13.607000000000001 60.09 -1 30 5.6
13.607000000000001 60.09 80 24 5.6
13.607000000000001 60.09 10 48 5.6
13.607000000000001 60.09 -31 36 5.6
20.6779 63.8829 83 96 5.6
20.6779 63.8829 -47 42 5.6
20.6779 63.8829 -69 60 5.6
20.6779 63.8829 54 48 5.6
17.627 59.858000000000004 -50 42 5.6
29.76 70.08 -2 54 5.6
22.6715 63.0422 -55 36 5.6
22.6715 63.0422 -47 54 5.6
22.6715 63.0422 -49 48 5.6
22.6715 63.0422 -34 42 5.6
22.6715 63.0422 -42 42 5.6
22.6715 63.0422 -72 84 5.6
22.6715 63.0422 -50 48 5.6
22.6715 63.0422 -79 48 5.6
22.6715 63.0422 -48 48 5.6
22.6715 63.0422 68 48 5.6
22.6715 63.0422 68 48 5.6
22.6715 63.0422 77 42 5.6
22.6715 63.0422 74 60 5.6
22.6715 63.0422 81 48 5.6
22.6715 63.0422 9 36 5.6
22.6715 63.0422 5 42 5.6
22.6715 63.0422 19 30 5.6
22.6715 63.0422 13 48 5.6
22.6715 63.0422 22 48 5.6
22.6715 63.0422 22 24 5.6
22.6715 63.0422 23 36 5.6
22.6715 63.0422 29 30 5.6
22.6715 63.0422 8 36 5.6
22.6715 63.0422 -87 60 5.6
22.6715 63.0422 -5 42 5.6
22.6715 63.0422 -40 66 5.6
18.2492 64.4968 -81 90 5.6
18.2492 64.4968 -85 54 5.6
18.2492 64.4968 88 54 5.6
18.2492 64.4968 88 48 5.6
18.2492 64.4968 9 54 5.6
18.2492 64.4968 46 60 5.6
18.2492 64.4968 67 102 5.6
12.0727 58.4921 -10 90 5.6
12.0727 58.4921 -18 66 5.6
12.0727 58.4921 -27 54 5.6
12.0727 58.4921 -20 90 5.6
12.0727 58.4921 -18 54 5.6
12.0727 58.4921 -16 72 5.6
12.0727 58.4921 -14 84 5.6
16.6992 58.5017 71 48 5.6
16.6992 58.5017 72 48 5.6
16.6992 58.5017 -88 54 5.6
16.6992 58.5017 79 36 5.6
16.6992 58.5017 88 42 5.6
16.6992 58.5017 74 48 5.6
27.555 60.5388 47 84 5.6
27.555 60.5388 11 18 5.6
27.555 60.5388 12 54 5.6
27.555 60.5388 23 48 5.6
27.555 60.5388 2 84 5.6
27.555 60.5388 27 54 5.6
27.555 60.5388 22 60 5.6
27.555 60.5388 88 30 5.6
27.555 60.5388 38 42 5.6
27.555 60.5388 4 60 5.6
27.555 60.5388 -15 42 5.6
27.555 60.5388 3 78 5.6
27.555 60.5388 18 78 5.6
27.555 60.5388 73 42 5.6
27.555 60.5388 84 48 5.6
27.555 60.5388 18 48 5.6
16.012999999999998 64.4314 51 72 5.6
29.609 67.748 73 60 5.6
29.609 67.748 62 54 5.6
29.609 67.748 89 84 5.6
29.609 67.748 -89 36 5.6
29.609 67.748 -89 60 5.6
29.609 67.748 28 60 5.6
29.609 67.748 19 72 5.6
29.609 67.748 22 48 5.6
29.609 67.748 20 66 5.6
29.609 67.748 65 78 5.6
29.609 67.748 25 54 5.6
29.609 67.748 37 48 5.6
29.609 67.748 47 66 5.6
29.609 67.748 32 78 5.6
29.609 67.748 34 42 5.6
29.609 67.748 19 66 5.6
29.609 67.748 44 54 5.6
29.609 67.748 22 84 5.6
29.609 67.748 83 66 5.6
29.609 67.748 22 60 5.6
29.609 67.748 16 84 5.6
29.609 67.748 15 54 5.6
29.609 67.748 15 60 5.6
29.609 67.748 42 48 5.6
29.609 67.748 12 66 5.6
29.609 67.748 32 72 5.6
29.609 67.748 26 60 5.6
29.609 67.748 58 60 5.6
29.609 67.748 40 48 5.6
16.5363 57.66 -76 42 5.6
16.5363 57.66 85 60 5.6
16.5363 57.66 -17 48 5.6
16.5363 57.66 -64 54 5.6
16.5363 57.66 -78 102 5.6
14.9391 56.9212 -70 54 5.6
14.9391 56.9212 -81 84 5.6
14.9391 56.9212 -40 54 5.6
14.9391 56.9212 86 48 5.6
14.9391 56.9212 -81 72 5.6
14.9391 56.9212 -27 84 5.6
