	19.9936       60.1780               
	6.997400      62.17830	        
 25.5058       69.5349          
 25.9841       59.4365          
 25.50575      69.53487            
	16.9734       66.2421          
	17.378        61.692                     
	14.8288       58.8946             
	16.5992       57.4185               
	17.1078       59.8540               
 05.334830     60.38383         
	17.1007       63.9703              
	13.0230       56.0740              
	15.8145       56.3040              
 06.456000     59.42283 
	12.7697       57.6345              
	18.5777       63.8908              
 14.915        55.113998	
	21.3769       64.5836              
	17.0083       57.2899              
 12.4325	      55.6853
	13.870        56.470                
 9.112         62.073
	20.5688       67.1215              
	15.3016       57.5726              
	22.1895       66.5541              
	16.3938       59.2311              
	12.7184       57.0011              
	15.8318       60.4943              
 15.24         67.93
 26.0761       61.4447
	17.3518       59.9013              
	12.4789       59.4034              
	13.7241       58.1591              
	17.8846       60.1282              
 05.042170     61.59750 
	18.1801       60.3870              
	13.7560       57.2900              
	18.5700       57.6855              
	18.5396       60.3342              
 23.68417      70.64250 
	20.9752       66.1635              
	16.6136       62.1532              
	23.6572	      68.3916        
	18.0359       62.676               
 13.6945       60.1335
 08.505170     58.27017 
	17.1194       61.7364              
	19.2184       63.3416              
	17.316        60.873  
 20.4095       69.5557
	31.3124	      62.9182        
	19.5433       66.6385              
	26.3095	      62.1112        
	23.3567       65.8596              
	24.8706	      62.1664        
	27.0036	      69.7565	 
	20.8037	      69.0430 
  5.247        59.212 
 9.598200      59.649100
	20.1607       68.2229              
	29.890669     66.025472      
	20.3368       67.9542                          
	21.9880       68.0493              
	19.848        65.2856              
	15.5047       58.2232              
 13.542        68.131 
	13.4460       55.6320              
 34.6514       67.8979
	21.9983       67.4569              
	24.3958	      60.2172        
 07.547000     62.56983 
 14.735        66.286      
	19.0294       65.7875              
	29.0402	      65.9113        
 23.8146       58.7144   
 9.1733        56.455002	
 13.11566      66.09508   
 14.05617      66.14057   
 14.99478      66.04231   
 14.65477      66.87605   
 14.06770      66.38303   
 15.73804      66.74196   
 14.96855      67.10316   
 16.09558      67.12021   
 16.56126      66.47169   
 17.52950      66.60733   
 13.44193      65.62880   
 14.17064      65.68843   
 15.48206      65.75814   
 16.24463      65.96734   
 16.14394      65.20699   
 16.95572      64.79746   
 17.61278      64.96570   
 17.11356      65.16251   
 16.19177      65.74404   
 17.72935      65.64775   
	16.0353       69.2371    
	14.7075       68.5788    
	14.9863       68.3134    
	16.5611       68.7839    
	15.5136       68.1033    
	15.9367       67.9662    
	15.9533       68.4004    
	15.2277       67.7610    
	12.1158       67.5173    
	15.4380       68.7139    
	15.5959       67.3487    
	13.0098	      67.8914    
	15.1252	      67.5675    
	12.6935	      67.6639    
	13.2690	      66.7090    
	14.1976	      68.3212    
	10.88653      60.84422	
	13.1862       58.9278              
	11.29389	61.04950	
 14.9681		67.1031   
 14.0306		67.0368   
 14.6364		67.3871   
 13.1199		66.3879   
 13.3272		66.6275   
 13.5586		66.3030   
 13.5776		66.7435   
 13.9581		66.8161   
 14.4622		67.1909   
 15.3292		66.9919   
 13.7354		66.9732   
 13.0097		66.5130   
	10.77739	61.03075	
	10.76289	61.27592	
	11.36903	61.22511	
	11.71533	61.11278	
	11.54136	60.73525	
	19.0347         67.8673              
	14.8573         63.4428                            
	15.0401         59.5704              
	18.6308         59.6769              
 11.96733        64.53067 
	18.0042         59.0047 
 6.628           59.912
	20.7162         64.4085              
	11.9177         57.3965              
	11.9259         57.3965              
	16.0994         57.1947              
	17.1342         60.2298              
 24.7314         64.3673        
	25.8964	        65.0853        
	23.1130         67.0240              
 30.317          59.767
 25.858984       60.545351      
	21.7679	        61.0227        
	19.5913         67.8234              
	26.0135	        66.6090        
	15.814          61.420               
	025.8169	71.1111
	028.2417	71.0638
	029.0668	70.5034
	025.4769	70.3191
	031.0083	70.2840
	031.0994	70.3712
	020.7599	70.1343
	020.9731	70.0378
	023.3737	70.1272
	022.0623	69.7642
	030.0391	69.4536
	025.6916	69.2007
	018.0495	69.1321
	018.9144	68.9731
	018.8368	68.3491
	021.6242	67.6962
	018.3647	67.4746
	018.3647	67.4746
	021.0775	67.1517
	017.7264	66.9529
	023.5642	66.7393
	022.1788	66.5654
	019.6862	66.4298
	025.0304	66.0406
	025.0295	66.0405
	017.8591	66.0382
	020.3008	65.9262
	020.9542	65.7356
	014.2249	65.6723
	012.4383	65.6992
	015.8965	65.4823
	027.5106	65.4469
	019.8452	65.2879
	021.4977	65.0923
	018.5010	64.9911
	013.5813	64.9876
	010.8499	64.9033
	015.0313	64.8318
	012.4007	64.5340
	024.5172	64.4402
	016.8178	64.2467
	019.0003	64.1291
	014.0906	64.0718
	011.3353	64.0435
	010.2317	63.9665
	023.0079	63.8265
	015.5148	63.8165
	012.3484	63.7052
	019.3658	63.5492
	018.0945	63.4896
	023.9733	63.3596
	013.6780	63.2305
	021.2788	63.1749
	016.3224	63.1140
	011.6437	63.0441
	022.4878	62.9381
	013.0526	62.8004
	018.1489	62.7504
	010.0396	62.7191
	016.3087	62.4859
	014.9213	62.4494
	012.5534	61.9449
	014.1203	61.8654
	017.3793	61.6930
	021.4622	61.5934
	015.5116	61.3839
	013.9566	61.1340
	025.0399	61.0537
	015.7698	61.0535
	014.7806	60.4468
	022.4439	60.4158
	18.5067         67.3801              
	26.5261		67.4421        
	21.6055         65.508               
 8.304           60.68
 22.2905 	57.6287
	17.258          63.247               
 5.702           58.935
 15.242          67.93
	11.1825         59.0345              
 04.761000       61.05700 
	26.1506		62.7191        
	19.575          64.494               
 10.43450        63.41967 
	11.6250         58.0320              
 24.3300         66.0800        
	18.90767        69.63450  
	13.607          60.090                
	20.6779         63.8829              
	17.627          59.858                
 29.76           70.08
	22.6715		63.0422        
	18.2492         64.4968               
	12.0727         58.4921              
	16.6992         58.5017              
	27.5550		60.5388        
	16.0130         64.4314               
 29.60900        67.74800       
	16.5363         57.6600              
 26.7347         58.4620       
	14.9391         56.9212    
 9.03566         58.74851
	7.41862 	58.6201 
 6.61959         58.13119
 8.03046         59.64343




































 
 
 
 
 
 
 
 
 
