-88.600 12.1
83.235 54.8
>
-88.600 12.1
88.441 69.5
>
-88.600 12.1
70.283 53.1
>
-88.600 12.1
58.562 56.4
>
-88.600 12.1
78.620 50.7
>
-85.300 10.1
83.235 54.8
>
-85.300 10.1
88.441 69.5
>
-85.300 10.1
70.283 53.1
>
-85.300 10.1
58.562 56.4
>
-85.300 10.1
78.620 50.7
>
-91.800 14.0
83.235 54.8
>
-91.800 14.0
88.441 69.5
>
-91.800 14.0
70.283 53.1
>
-91.800 14.0
58.562 56.4
>
-91.800 14.0
78.620 50.7
>
-92.200 14.1
83.235 54.8
>
-92.200 14.1
88.441 69.5
>
-92.200 14.1
70.283 53.1
>
-92.200 14.1
58.562 56.4
>
-92.200 14.1
78.620 50.7
>
-100.400 18.4
83.235 54.8
>
-100.400 18.4
88.441 69.5
>
-100.400 18.4
70.283 53.1
>
-100.400 18.4
58.562 56.4
>
-100.400 18.4
78.620 50.7
>
-90.500 14.5
83.235 54.8
>
-90.500 14.5
88.441 69.5
>
-90.500 14.5
70.283 53.1
>
-90.500 14.5
58.562 56.4
>
-90.500 14.5
78.620 50.7
>
-102.200 18.1
83.235 54.8
>
-102.200 18.1
88.441 69.5
>
-102.200 18.1
70.283 53.1
>
-102.200 18.1
58.562 56.4
>
-102.200 18.1
78.620 50.7
>
-86.900 11.8
83.235 54.8
>
-86.900 11.8
88.441 69.5
>
-86.900 11.8
70.283 53.1
>
-86.900 11.8
58.562 56.4
>
-86.900 11.8
78.620 50.7
>
-99.500 16.8
83.235 54.8
>
-99.500 16.8
88.441 69.5
>
-99.500 16.8
70.283 53.1
>
-99.500 16.8
58.562 56.4
>
-99.500 16.8
78.620 50.7
>
-92.100 14.6
83.235 54.8
>
-92.100 14.6
88.441 69.5
>
-92.100 14.6
70.283 53.1
>
-92.100 14.6
58.562 56.4
>
-92.100 14.6
78.620 50.7
>
-87.600 12.6
83.235 54.8
>
-87.600 12.6
88.441 69.5
>
-87.600 12.6
70.283 53.1
>
-87.600 12.6
58.562 56.4
>
-87.600 12.6
78.620 50.7
>
-92.900 14.3
83.235 54.8
>
-92.900 14.3
88.441 69.5
>
-92.900 14.3
70.283 53.1
>
-92.900 14.3
58.562 56.4
>
-92.900 14.3
78.620 50.7
>
-86.000 11.7
83.235 54.8
>
-86.000 11.7
88.441 69.5
>
-86.000 11.7
70.283 53.1
>
-86.000 11.7
58.562 56.4
>
-86.000 11.7
78.620 50.7
>
-100.800 17.6
83.235 54.8
>
-100.800 17.6
88.441 69.5
>
-100.800 17.6
70.283 53.1
>
-100.800 17.6
58.562 56.4
>
-100.800 17.6
78.620 50.7
>
-100.700 17.4
83.235 54.8
>
-100.700 17.4
88.441 69.5
>
-100.700 17.4
70.283 53.1
>
-100.700 17.4
58.562 56.4
>
-100.700 17.4
78.620 50.7
>
-100.800 17.2
83.235 54.8
>
-100.800 17.2
88.441 69.5
>
-100.800 17.2
70.283 53.1
>
-100.800 17.2
58.562 56.4
>
-100.800 17.2
78.620 50.7
>
-92.400 14.7
83.235 54.8
>
-92.400 14.7
88.441 69.5
>
-92.400 14.7
70.283 53.1
>
-92.400 14.7
58.562 56.4
>
-92.400 14.7
78.620 50.7
>
-95.500 17.8
83.235 54.8
>
-95.500 17.8
88.441 69.5
>
-95.500 17.8
70.283 53.1
>
-95.500 17.8
58.562 56.4
>
-95.500 17.8
78.620 50.7
>
-88.000 12.6
83.235 54.8
>
-88.000 12.6
88.441 69.5
>
-88.000 12.6
70.283 53.1
>
-88.000 12.6
58.562 56.4
>
-88.000 12.6
78.620 50.7
>
-91.400 13.7
83.235 54.8
>
-91.400 13.7
88.441 69.5
>
-91.400 13.7
70.283 53.1
>
-91.400 13.7
58.562 56.4
>
-91.400 13.7
78.620 50.7
>
-82.700 8.0
83.235 54.8
>
-82.700 8.0
88.441 69.5
>
-82.700 8.0
70.283 53.1
>
-82.700 8.0
58.562 56.4
>
-82.700 8.0
78.620 50.7
>
-93.500 15.9
83.235 54.8
>
-93.500 15.9
88.441 69.5
>
-93.500 15.9
70.283 53.1
>
-93.500 15.9
58.562 56.4
>
-93.500 15.9
78.620 50.7
>
-92.200 13.5
83.235 54.8
>
-92.200 13.5
88.441 69.5
>
-92.200 13.5
70.283 53.1
>
-92.200 13.5
58.562 56.4
>
-92.200 13.5
78.620 50.7
>
-93.100 14.4
83.235 54.8
>
-93.100 14.4
88.441 69.5
>
-93.100 14.4
70.283 53.1
>
-93.100 14.4
58.562 56.4
>
-93.100 14.4
78.620 50.7
>
-93.000 14.6
83.235 54.8
>
-93.000 14.6
88.441 69.5
>
-93.000 14.6
70.283 53.1
>
-93.000 14.6
58.562 56.4
>
-93.000 14.6
78.620 50.7
>
-92.000 15.0
83.235 54.8
>
-92.000 15.0
88.441 69.5
>
-92.000 15.0
70.283 53.1
>
-92.000 15.0
58.562 56.4
>
-92.000 15.0
78.620 50.7
>
-91.000 13.8
83.235 54.8
>
-91.000 13.8
88.441 69.5
>
-91.000 13.8
70.283 53.1
>
-91.000 13.8
58.562 56.4
>
-91.000 13.8
78.620 50.7
>
-93.700 15.1
83.235 54.8
>
-93.700 15.1
88.441 69.5
>
-93.700 15.1
70.283 53.1
>
-93.700 15.1
58.562 56.4
>
-93.700 15.1
78.620 50.7
>
-98.400 18.6
83.235 54.8
>
-98.400 18.6
88.441 69.5
>
-98.400 18.6
70.283 53.1
>
-98.400 18.6
58.562 56.4
>
-98.400 18.6
78.620 50.7
>
-97.700 16.6
83.235 54.8
>
-97.700 16.6
88.441 69.5
>
-97.700 16.6
70.283 53.1
>
-97.700 16.6
58.562 56.4
>
-97.700 16.6
78.620 50.7
>
-97.600 16.5
83.235 54.8
>
-97.600 16.5
88.441 69.5
>
-97.600 16.5
70.283 53.1
>
-97.600 16.5
58.562 56.4
>
-97.600 16.5
78.620 50.7
>
