19.9936 60.178 84.3961 12.6 36 39.7637 -17.54 168.07
19.9936 60.178 -77.4178 12.6 40.8 39.8685 -18.31 168.22
19.9936 60.178 75.31 12.6 26.4 19.5191 -20.71 -174.72
19.9936 60.178 63.5607 12.6 50.4 18.1585 -15.8 -174.4
19.9936 60.178 88.1436 12.6 43.2 24.0799 -19.78 -178.44
19.9936 60.178 61.234 12.6 38.4 23.235 -19.7 -177.79
19.9936 60.178 77.2557 12.6 36 23.3643 -18.08 -178.2
19.9936 60.178 75.951 12.6 36 297.6717 15.88 -93.46
19.9936 60.178 86.5204 12.6 28.8 40.0248 -16.07 167.39
6.9974 62.1783 5.1062 12.6 39 50.7505 18.73 145.29
25.5058 69.5349 5.0718 12.6 66 52.8598 -5.39 151.82
25.5058 69.5349 4.9019 12.6 66 50.7529 -7.23 154.55
25.5058 69.5349 16.9019 12.6 48 50.7529 -7.23 154.55
25.5058 69.5349 26.1049 12.6 48 77.6891 -4.58 125.62
25.5058 69.5349 9.5901 12.6 63 51.2768 -3.69 152.79
25.5058 69.5349 1.5901 12.6 63 51.2768 -3.69 152.79
25.5058 69.5349 19.5901 12.6 63 51.2768 -3.69 152.79
25.5058 69.5349 1.5536 12.6 48 51.2934 -4.79 153.16
25.9841 59.4365 31.3502 12.6 48 74.6117 -6.53 129.82
25.9841 59.4365 28.8957 12.6 66 51.2768 -3.69 152.79
25.5057 69.5349 10.1466 12.6 63 53.97 -5.84 150.88
25.5057 69.5349 9.6078 12.6 51 51.3248 -4.31 152.96
25.5057 69.5349 11.6078 12.6 75 51.3248 -4.31 152.96
25.5057 69.5349 4.7284 12.6 75 57.6555 10.98 140.69
25.5057 69.5349 19.3899 12.6 45 57.1927 -5.03 147.34
25.5057 69.5349 16.6437 12.6 60 51.52 14.1 146.2
25.5057 69.5349 5.5163 12.6 54 45.3944 -10.49 160.77
25.5057 69.5349 14.3508 12.6 66 73.5458 1.69 127.3
25.5057 69.5349 2.1086 12.6 48 40.0558 -17.29 167.74
25.5057 69.5349 14.3139 12.6 57 50.0944 -5.99 154.76
25.5057 69.5349 17.9929 12.6 42 53.5914 -1.53 149.69
25.5057 69.5349 28.3448 12.6 48 74.1639 -6.71 130.38
25.5057 69.5349 30.4476 12.6 48 68.1225 -3.64 135.45
25.5057 69.5349 16.7094 12.6 54 74.5088 -6.53 129.93
25.5057 69.5349 41.3502 12.6 81 356.1579 19.88 -155.93
25.5057 69.5349 8.0596 12.6 51 53.8843 -5.88 150.98
25.5057 69.5349 14.2387 12.6 54 73.9991 -5.92 130.2
25.5057 69.5349 5.8286 12.6 42 57.6987 -6.15 147.26
25.5057 69.5349 11.8986 12.6 60 72.8409 5.36 126.44
25.5057 69.5349 12.1412 12.6 54 73.9191 -6.13 130.38
25.5057 69.5349 10.0362 12.6 42 51.7114 -3.36 152.24
25.5057 69.5349 -1.1507 12.6 60 44.713 -10.63 161.45
25.5057 69.5349 12.6345 12.6 57 54.4699 -5.97 150.43
25.5057 69.5349 10.3474 12.6 45 54.1766 -5.91 150.7
25.5057 69.5349 5.0246 12.6 93 72.1536 3.04 128.22
25.5057 69.5349 16.2377 12.6 51 54.0572 -5.75 150.76
25.5057 69.5349 7.6545 12.6 63 77.3881 -6.36 126.76
25.5057 69.5349 27.5029 12.6 51 65.1984 -3.52 138.48
16.9734 66.2421 52.9987 12.6 26.4 84.0347 -7.26 119.96
16.9734 66.2421 39.2393 12.6 73.2 19.5191 -20.71 -174.72
16.9734 66.2421 62.1207 12.6 62.4 28.6805 -24.64 179.08
16.9734 66.2421 47.8194 12.6 92.4 24.0799 -19.78 -178.44
16.9734 66.2421 55.8194 12.6 52.8 24.0799 -19.78 -178.44
16.9734 66.2421 72.9829 12.6 60 23.235 -19.7 -177.79
16.9734 66.2421 70.8536 12.6 96 23.3243 -23.56 -177.1
16.9734 66.2421 49.1951 12.6 85.2 23.3643 -18.08 -178.2
14.8288 58.8946 -81.6011 12.6 57.6 39.5429 -14.34 167.29
14.8288 58.8946 85.5159 12.6 102 24.0799 -19.78 -178.44
14.8288 58.8946 -79.4144 12.6 55.2 39.69 -14.84 167.31
14.8288 58.8946 -80.8247 12.6 62.4 40.2776 -14.11 166.57
16.5992 57.4185 -68.4 12.6 43.2 73.7641 2.19 126.84
16.5992 57.4185 -18.0295 12.6 84 277.1788 1.13 -77.39
16.5992 57.4185 -44.6714 12.6 54 19.4564 -17.97 -175.11
16.5992 57.4185 -78.3407 12.6 60 39.7563 -15.1 167.33
17.1078 59.854 78.5256 12.6 46.8 304.7525 18.35 -100.38
17.1078 59.854 70.3326 12.6 39.6 24.0799 -19.78 -178.44
17.1078 59.854 -79.0804 12.6 70.8 39.7563 -15.1 167.33
17.1078 59.854 77.4049 12.6 51.6 23.235 -19.7 -177.79
5.3348 60.3838 -49.6656 12.6 46.8 263.9153 -15.04 -70.44
5.3348 60.3838 -34.2734 12.6 40.8 39.3527 -13.57 167.23
5.3348 60.3838 -43.3454 12.6 55.2 267.9762 -8.08 -71.56
5.3348 60.3838 -27.4903 12.6 37.2 40.0599 -13.7 166.64
5.3348 60.3838 -35.1479 12.6 64.8 95.1315 -8.02 108.09
5.3348 60.3838 -9.4445 12.6 57.6 54.1766 -5.91 150.7
5.3348 60.3838 -45.0271 12.6 49.2 276.097 -1.27 -77.31
5.3348 60.3838 -33.2854 12.6 45.6 40.2776 -14.11 166.57
5.3348 60.3838 -20.1072 12.6 50.4 210.273 -56.2 -26.89
5.3348 60.3838 -22.4956 12.6 75.6 51.2768 -3.69 152.79
17.1007 63.9703 66.0169 12.6 58.8 19.5191 -20.71 -174.72
13.023 56.074 -79.2855 12.6 90 73.7641 2.19 126.84
13.023 56.074 77.6745 12.6 61.2 39.5429 -14.34 167.29
13.023 56.074 -45.0266 12.6 63.6 277.1788 1.13 -77.39
13.023 56.074 -80.9637 12.6 72 73.9386 1.11 127.13
13.023 56.074 -84.113 12.6 117.6 84.0347 -7.26 119.96
13.023 56.074 -76.113 12.6 99.6 84.0347 -7.26 119.96
13.023 56.074 -72.1977 12.6 56.4 74.6529 0.51 126.62
13.023 56.074 -58.7049 12.6 57.6 74.3245 1.85 126.38
13.023 56.074 69.8838 12.6 67.2 39.69 -14.84 167.31
13.023 56.074 -76.5371 12.6 92.4 77.6891 -4.58 125.62
15.8145 56.304 -61.1205 12.6 56.4 276.5798 1.93 -76.36
15.8145 56.304 -70.3924 12.6 96 74.884 -7.15 129.81
15.8145 56.304 -57.7896 12.6 72 84.0347 -7.26 119.96
15.8145 56.304 -47.7896 12.6 67.2 84.0347 -7.26 119.96
15.8145 56.304 -47.9728 12.6 74.4 85.5592 -9.59 119.4
15.8145 56.304 -50.165 12.6 58.8 77.6891 -4.58 125.62
15.8145 56.304 6.9982 12.6 42 50.6127 18.51 145.53
15.8145 56.304 -33.9051 12.6 80.4 81.7605 -7.28 122.45
15.8145 56.304 -29.9051 12.6 87.6 81.7605 -7.28 122.45
15.8145 56.304 -29.9051 12.6 109.2 81.7605 -7.28 122.45
6.456 59.4228 -12.4923 12.6 80.4 39.3527 -13.57 167.23
6.456 59.4228 -9.5549 12.6 92.4 54.4699 -5.97 150.43
6.456 59.4228 -17.8697 12.6 85.2 54.1766 -5.91 150.7
6.456 59.4228 10.5407 12.6 75.6 72.1536 3.04 128.22
6.456 59.4228 -4.5657 12.6 74.4 75.2592 6.53 123.25
6.456 59.4228 -10.1363 12.6 80.4 39.5923 -12.36 166.66
6.456 59.4228 -27.7276 12.6 94.8 210.1284 -56.45 -26.85
6.456 59.4228 -6.298 12.6 92.4 39.5946 -14.66 167.34
6.456 59.4228 -11.0244 12.6 93.6 51.2336 -4.65 153.17
6.456 59.4228 -12.3331 12.6 93.6 39.5429 -14.34 167.29
6.456 59.4228 0.73458 12.6 73.2 50.7505 18.73 145.29
6.456 59.4228 -6.8592 12.6 102 51.0993 24.4 142.59
6.456 59.4228 -69.9441 12.6 33.6 266.9366 -14.59 -73.58
6.456 59.4228 -15.727 12.6 98.4 40.0776 -14.35 166.82
6.456 59.4228 -21.4833 12.6 90 40.2776 -14.11 166.57
6.456 59.4228 -5.4065 12.6 78 50.6127 18.51 145.53
6.456 59.4228 -12.9663 12.6 112.8 51.2768 -3.69 152.79
6.456 59.4228 -16.9663 12.6 122.4 51.2768 -3.69 152.79
6.456 59.4228 -16.9663 12.6 86.4 51.2768 -3.69 152.79
12.7697 57.6345 -53.0166 12.6 38.4 270.2781 -8.41 -74.26
12.7697 57.6345 -8.9162 12.6 66 40.0991 -13.55 166.56
12.7697 57.6345 -71.5896 12.6 36 50.7505 18.73 145.29
12.7697 57.6345 5.1032 12.6 49.2 40.0776 -14.35 166.82
18.5777 63.8908 67.5868 12.6 42 19.0898 -18.68 -174.71
14.915 55.114 5.8532 12.6 72 256.9032 -22.97 -66.64
14.915 55.114 5.5529 12.6 48 258.6568 -22.15 -68.2
14.915 55.114 3.8477 12.6 48 258.8959 -21.7 -68.23
14.915 55.114 9.8598 12.6 48 251.2041 -28.4 -63.07
14.915 55.114 2.0937 12.6 60 251.3982 -28.04 -63.09
14.915 55.114 2.9765 12.6 60 258.8631 -26.11 -70.65
21.3769 64.5836 57.3274 12.6 58.8 19.4564 -17.97 -175.11
21.3769 64.5836 71.4539 12.6 55.2 19.5191 -20.71 -174.72
21.3769 64.5836 74.7069 12.6 55.2 28.6805 -24.64 179.08
21.3769 64.5836 63.9823 12.6 64.8 18.1585 -15.8 -174.4
21.3769 64.5836 67.9906 12.6 48 24.0799 -19.78 -178.44
21.3769 64.5836 73.1447 12.6 74.4 23.235 -19.7 -177.79
21.3769 64.5836 75.4398 12.6 62.4 39.69 -14.84 167.31
21.3769 64.5836 -68.1218 12.6 54 258.8631 -26.11 -70.65
21.3769 64.5836 -66.1218 12.6 38.4 258.8631 -26.11 -70.65
17.0083 57.2899 -77.7149 12.6 64.8 73.9386 1.11 127.13
17.0083 57.2899 -35.0048 12.6 44.4 84.0347 -7.26 119.96
17.0083 57.2899 -74.201 12.6 73.2 39.4865 -13.87 167.2
17.0083 57.2899 -71.7673 12.6 64.8 39.7563 -15.1 167.33
17.0083 57.2899 -21.729 12.6 74.4 91.5078 -9.25 112.69
17.0083 57.2899 -67.5145 12.6 74.4 40.0776 -14.35 166.82
17.0083 57.2899 -11.8705 12.6 67.2 210.273 -56.2 -26.89
17.0083 57.2899 79.9795 12.6 61.2 50.6127 18.51 145.53
17.0083 57.2899 -61.1352 12.6 60 81.7605 -7.28 122.45
17.0083 57.2899 -53.1352 12.6 63.6 81.7605 -7.28 122.45
17.0083 57.2899 -73.1704 12.6 91.2 51.2768 -3.69 152.79
17.0083 57.2899 86.8296 12.6 44.4 51.2768 -3.69 152.79
17.0083 57.2899 -85.1704 12.6 58.8 51.2768 -3.69 152.79
12.4325 55.6853 -54.7289 12.6 60 73.1027 4.76 126.42
12.4325 55.6853 -41.03 12.6 42 278.6012 -3.29 -80.99
12.4325 55.6853 -40.1703 12.6 54 273.3972 -5.68 -76.4
12.4325 55.6853 -48.8229 12.6 60 276.2374 -1.39 -77.52
12.4325 55.6853 -29.0418 12.6 54 17.0826 -15.24 -173.61
12.4325 55.6853 -33.0778 12.6 54 276.1405 -2.31 -77.84
12.4325 55.6853 -49.1353 12.6 48 78.4857 1.27 122.09
12.4325 55.6853 -53.601 12.6 48 95.7416 -7.78 107.3
12.4325 55.6853 -36.8916 12.6 60 274.6915 -5.08 -77.54
12.4325 55.6853 -63.1257 12.6 54 75.0764 6.49 123.47
12.4325 55.6853 -46.9606 12.6 66 75.2592 6.53 123.25
12.4325 55.6853 -44.9287 12.6 48 276.097 -1.27 -77.31
12.4325 55.6853 -77.9591 12.6 30 258.8959 -21.7 -68.23
12.4325 55.6853 -48.933 12.6 42 77.3881 -6.36 126.76
12.4325 55.6853 -47.0187 12.6 66 17.105 -15.3 -173.62
12.4325 55.6853 -37.9465 12.6 42 279.0407 0.43 -79.76
13.87 56.47 -77.6008 12.6 31.2 259.0002 -15.36 -65.09
13.87 56.47 -49.5392 12.6 43.2 74.6529 0.51 126.62
13.87 56.47 -36.0405 12.6 86.4 74.3245 1.85 126.38
13.87 56.47 -30.7355 12.6 72 279.0407 0.43 -79.76
13.87 56.47 -41.9039 12.6 67.2 77.6891 -4.58 125.62
9.112 62.073 55.6152 12.6 103.2 17.105 -15.3 -173.62
9.112 62.073 -78.9912 12.6 69.6 259.0002 -15.36 -65.09
20.5688 67.1215 40.221 12.6 92.4 24.3291 -21.15 -178.36
20.5688 67.1215 26.1242 12.6 40.8 73.7641 2.19 126.84
20.5688 67.1215 79.1341 12.6 73.2 276.5798 1.93 -76.36
20.5688 67.1215 61.7758 12.6 30 277.1788 1.13 -77.39
20.5688 67.1215 79.2311 12.6 92.4 23.3494 -23.01 -177.23
20.5688 67.1215 75.2311 12.6 82.8 23.3494 -23.01 -177.23
20.5688 67.1215 16.26 12.6 62.4 73.9386 1.11 127.13
20.5688 67.1215 -77.8973 12.6 57.6 44.3292 -11.45 162.07
20.5688 67.1215 55.57 12.6 70.8 19.5191 -20.71 -174.72
20.5688 67.1215 32.9609 12.6 34.8 74.6529 0.51 126.62
15.3016 57.5726 -17.4854 12.6 62.4 51.0993 24.4 142.59
22.1895 66.5541 76.2158 12.6 68.4 24.0799 -19.78 -178.44
22.1895 66.5541 68.2158 12.6 92.4 24.0799 -19.78 -178.44
22.1895 66.5541 81.3947 12.6 93.6 23.235 -19.7 -177.79
22.1895 66.5541 75.3947 12.6 111.6 23.235 -19.7 -177.79
22.1895 66.5541 89.3947 12.6 123.6 23.235 -19.7 -177.79
22.1895 66.5541 38.0132 12.6 46.8 74.1156 1.98 126.55
22.1895 66.5541 39.5047 12.6 74.4 75.4922 6.14 123.17
22.1895 66.5541 77.5115 12.6 102 23.3643 -18.08 -178.2
22.1895 66.5541 36.5186 12.6 40.8 74.6529 0.51 126.62
22.1895 66.5541 70.4414 12.6 81.6 24.301 -22.02 -178.16
16.3938 59.2311 -75.8843 12.6 76.8 39.5429 -14.34 167.29
16.3938 59.2311 -79.9184 12.6 78 39.4423 -15.38 167.69
16.3938 59.2311 -81.6341 12.6 73.2 39.7312 -15.06 167.34
16.3938 59.2311 -71.6046 12.6 56.4 39.7563 -15.1 167.33
16.3938 59.2311 -86.2314 12.6 61.2 39.0385 -17 168.53
16.3938 59.2311 -83.2489 12.6 80.4 40.0248 -16.07 167.39
12.7184 57.0011 76.7825 12.6 30 39.5429 -14.34 167.29
12.7184 57.0011 -65.6007 12.6 76.8 50.7505 18.73 145.29
12.7184 57.0011 68.69 12.6 64.8 39.4865 -13.87 167.2
12.7184 57.0011 -87.141 12.6 63.6 74.3245 1.85 126.38
12.7184 57.0011 81.4365 12.6 75.6 40.0248 -16.07 167.39
15.8318 60.4943 -71.2641 12.6 90 39.4423 -15.38 167.69
15.8318 60.4943 -75.6284 12.6 100.8 39.0385 -17 168.53
15.8318 60.4943 -67.5213 12.6 80.4 51.2768 -3.69 152.79
26.0761 61.4447 65.5207 12.6 72 16.8186 -15.14 -173.41
26.0761 61.4447 70.9648 12.6 84 18.1585 -15.8 -174.4
26.0761 61.4447 77.2265 12.6 84 18.1382 -18.03 -174.06
26.0761 61.4447 78.2822 12.6 78 19.0898 -18.68 -174.71
26.0761 61.4447 83.0039 12.6 84 19.5191 -20.71 -174.72
26.0761 61.4447 83.4692 12.6 36 20.1741 -19.3 -175.46
26.0761 61.4447 78.9376 12.6 102 21.4979 -20.19 -176.34
26.0761 61.4447 76.5288 12.6 102 23.3643 -18.08 -178.2
26.0761 61.4447 71.4855 12.6 78 24.0799 -19.78 -178.44
26.0761 61.4447 73.4855 12.6 54 24.0799 -19.78 -178.44
26.0761 61.4447 75.4855 12.6 84 24.0799 -19.78 -178.44
26.0761 61.4447 67.6423 12.6 72 24.1377 -20.46 -178.35
26.0761 61.4447 86.0155 12.6 54 24.4483 -20.87 -178.51
26.0761 61.4447 64.0424 12.6 60 24.301 -22.02 -178.16
26.0761 61.4447 81.6417 12.6 60 25.9561 -21.61 -179.53
26.0761 61.4447 64.4745 12.6 96 28.4234 -23.89 179.09
26.0761 61.4447 78.8585 12.6 72 28.6805 -24.64 179.08
26.0761 61.4447 18.3916 12.6 30 51.2336 -4.65 153.17
26.0761 61.4447 27.7386 12.6 54 72.3097 6.58 126.48
26.0761 61.4447 22.6416 12.6 66 73.0523 4.21 126.72
26.0761 61.4447 39.6662 12.6 48 73.9777 2.52 126.46
26.0761 61.4447 41.7389 12.6 48 73.9386 1.11 127.13
26.0761 61.4447 27.8648 12.6 60 74.136 1.93 126.55
26.0761 61.4447 19.9467 12.6 90 74.2145 1.85 126.5
26.0761 61.4447 66.0527 12.6 90 74.3245 1.85 126.38
26.0761 61.4447 46.4735 12.6 54 74.6529 0.51 126.62
26.0761 61.4447 54.8467 12.6 84 75.4922 6.14 123.17
26.0761 61.4447 12.9933 12.6 84 74.6117 -6.53 129.82
26.0761 61.4447 39.6382 12.6 48 77.3881 -6.36 126.76
26.0761 61.4447 64.5755 12.6 72 78.9021 0.4 122.03
26.0761 61.4447 51.8997 12.6 66 81.7605 -7.28 122.45
26.0761 61.4447 40.0804 12.6 54 84.0347 -7.26 119.96
26.0761 61.4447 64.0804 12.6 60 84.0347 -7.26 119.96
26.0761 61.4447 21.5272 12.6 30 259.0002 -15.36 -65.09
26.0761 61.4447 73.0371 12.6 78 295.5713 13.48 -92.16
26.0761 61.4447 59.1837 12.6 48 297.6717 15.88 -93.46
17.3518 59.9013 72.7312 12.6 68.4 304.7525 18.35 -100.38
17.3518 59.9013 -80.4719 12.6 75.6 74.6117 -6.53 129.82
17.3518 59.9013 75.7095 12.6 54 297.6717 15.88 -93.46
17.3518 59.9013 -35.4839 12.6 31.2 81.7605 -7.28 122.45
12.4789 59.4034 -7.9201 12.6 39.6 50.7505 18.73 145.29
12.4789 59.4034 75.1701 12.6 43.2 39.4423 -15.38 167.69
12.4789 59.4034 -11.7636 12.6 44.4 51.0993 24.4 142.59
12.4789 59.4034 71.0122 12.6 67.2 23.235 -19.7 -177.79
12.4789 59.4034 -4.0492 12.6 27.6 50.6127 18.51 145.53
13.7241 58.1591 26.1954 12.6 66 75.4922 6.14 123.17
13.7241 58.1591 12.0048 12.6 54 74.6529 0.51 126.62
13.7241 58.1591 25.841 12.6 43.2 74.572 1.29 126.36
17.8846 60.1282 10.6218 12.6 97.2 73.9386 1.11 127.13
17.8846 60.1282 5.3908 12.6 61.2 39.4423 -15.38 167.69
17.8846 60.1282 -9.668 12.6 66 52.811 -5.2 151.8
17.8846 60.1282 -12.6224 12.6 60 24.1377 -20.46 -178.35
17.8846 60.1282 -4.3886 12.6 60 39.69 -14.84 167.31
17.8846 60.1282 -6.4697 12.6 73.2 39.3345 -18.77 168.82
17.8846 60.1282 -78.9154 12.6 45.6 258.8631 -26.11 -70.65
17.8846 60.1282 -56.9154 12.6 46.8 258.8631 -26.11 -70.65
17.8846 60.1282 -5.3308 12.6 94.8 50.6127 18.51 145.53
17.8846 60.1282 -9.3152 12.6 58.8 51.2768 -3.69 152.79
18.1801 60.387 4.5919 12.6 82.8 73.7641 2.19 126.84
18.1801 60.387 13.0473 12.6 44.4 50.7505 18.73 145.29
18.1801 60.387 -23.3277 12.6 30 19.5191 -20.71 -174.72
18.1801 60.387 77.5785 12.6 49.2 24.0799 -19.78 -178.44
18.1801 60.387 -8.0886 12.6 38.4 39.7563 -15.1 167.33
18.1801 60.387 11.8062 12.6 72 53.2774 13.76 144.4
18.1801 60.387 33.9433 12.6 27.6 75.4922 6.14 123.17
18.1801 60.387 -84.7031 12.6 49.2 39.0385 -17 168.53
18.1801 60.387 11.5895 12.6 64.8 74.6529 0.51 126.62
18.1801 60.387 7.8247 12.6 51.6 39.69 -14.84 167.31
18.1801 60.387 2.3883 12.6 75.6 297.6717 15.88 -93.46
18.1801 60.387 0.92475 12.6 70.8 50.6127 18.51 145.53
13.756 57.29 -60.4252 12.6 62.4 277.1788 1.13 -77.39
13.756 57.29 -55.7064 12.6 33.6 75.4922 6.14 123.17
13.756 57.29 -77.96 12.6 57.6 81.7605 -7.28 122.45
18.57 57.6855 -65.614 12.6 78 73.0574 3.86 126.87
18.57 57.6855 -41.9881 12.6 97.2 85.5592 -9.59 119.4
18.57 57.6855 -81.7299 12.6 106.8 39.9975 -16.09 167.42
18.57 57.6855 -63.2978 12.6 56.4 258.8631 -26.11 -70.65
18.57 57.6855 -57.2978 12.6 45.6 258.8631 -26.11 -70.65
18.57 57.6855 87.3079 12.6 44.4 50.6127 18.51 145.53
18.57 57.6855 -16.5457 12.6 50.4 51.4235 24.99 141.96
18.57 57.6855 76.2487 12.6 67.2 51.2768 -3.69 152.79
18.57 57.6855 -75.7513 12.6 75.6 51.2768 -3.69 152.79
18.57 57.6855 -75.7513 12.6 86.4 51.2768 -3.69 152.79
18.5396 60.3342 4.9172 12.6 81.6 73.7641 2.19 126.84
18.5396 60.3342 11.3601 12.6 75.6 50.7505 18.73 145.29
18.5396 60.3342 19.1756 12.6 45.6 73.9386 1.11 127.13
18.5396 60.3342 72.0587 12.6 61.2 39.4423 -15.38 167.69
18.5396 60.3342 83.2 12.6 51.6 19.5191 -20.71 -174.72
18.5396 60.3342 59.5787 12.6 48 18.1585 -15.8 -174.4
18.5396 60.3342 10.2591 12.6 97.2 75.4922 6.14 123.17
18.5396 60.3342 11.917 12.6 72 74.6529 0.51 126.62
18.5396 60.3342 14.2759 12.6 54 39.69 -14.84 167.31
18.5396 60.3342 33.2916 12.6 57.6 77.6891 -4.58 125.62
18.5396 60.3342 15.2384 12.6 58.8 50.6127 18.51 145.53
18.5396 60.3342 23.4655 12.6 49.2 81.7605 -7.28 122.45
18.5396 60.3342 15.2731 12.6 78 51.2768 -3.69 152.79
23.6842 70.6425 -1.4317 12.6 70.8 44.713 -10.63 161.45
23.6842 70.6425 16.5291 12.6 76.8 54.4699 -5.97 150.43
23.6842 70.6425 24.2416 12.6 86.4 54.1766 -5.91 150.7
23.6842 70.6425 6.8294 12.6 102 75.2592 6.53 123.25
23.6842 70.6425 17.9921 12.6 76.8 57.8948 -5.5 146.81
23.6842 70.6425 9.7292 12.6 78 77.3881 -6.36 126.76
23.6842 70.6425 7.2505 12.6 68.4 57.2442 -6.57 147.88
23.6842 70.6425 26.6254 12.6 64.8 58.7022 -7.56 146.8
23.6842 70.6425 21.4094 12.6 92.4 51.2336 -4.65 153.17
23.6842 70.6425 24.695 12.6 46.8 76.4919 -7.44 128.22
23.6842 70.6425 6.1371 12.6 102 50.0838 -6.45 154.93
23.6842 70.6425 -2.696 12.6 92.4 39.4865 -13.87 167.2
23.6842 70.6425 7.2096 12.6 104.4 76.2728 -0.19 125.17
23.6842 70.6425 20.9709 12.6 64.8 52.8598 -5.39 151.82
23.6842 70.6425 12.9368 12.6 60 52.811 -5.2 151.8
23.6842 70.6425 24.7408 12.6 91.2 50.7529 -7.23 154.55
23.6842 70.6425 14.7408 12.6 68.4 50.7529 -7.23 154.55
23.6842 70.6425 8.2241 12.6 94.8 77.6891 -4.58 125.62
23.6842 70.6425 17.5227 12.6 79.2 51.2768 -3.69 152.79
23.6842 70.6425 3.5227 12.6 79.2 51.2768 -3.69 152.79
23.6842 70.6425 21.4585 12.6 93.6 51.2934 -4.79 153.16
20.9752 66.1635 26.5695 12.6 54 73.7641 2.19 126.84
20.9752 66.1635 68.3297 12.6 78 19.4564 -17.97 -175.11
20.9752 66.1635 62.1348 12.6 56.4 23.3494 -23.01 -177.23
20.9752 66.1635 85.5517 12.6 74.4 28.9064 -26.09 179.28
20.9752 66.1635 44.3896 12.6 87.6 19.5191 -20.71 -174.72
20.9752 66.1635 79.0514 12.6 54 38.5341 -21.5 170.35
20.9752 66.1635 67.3428 12.6 76.8 28.6805 -24.64 179.08
20.9752 66.1635 46.8624 12.6 78 24.0799 -19.78 -178.44
20.9752 66.1635 54.8624 12.6 84 24.0799 -19.78 -178.44
20.9752 66.1635 66.0338 12.6 91.2 23.235 -19.7 -177.79
20.9752 66.1635 85.0327 12.6 105.6 20.1741 -19.3 -175.46
20.9752 66.1635 70.9165 12.6 78 24.1377 -20.46 -178.35
20.9752 66.1635 82.1658 12.6 110.4 23.3643 -18.08 -178.2
20.9752 66.1635 69.0362 12.6 88.8 18.1382 -18.03 -174.06
20.9752 66.1635 33.4313 12.6 50.4 74.6529 0.51 126.62
20.9752 66.1635 32.1982 12.6 63.6 85.5592 -9.59 119.4
20.9752 66.1635 61.0703 12.6 100.8 24.301 -22.02 -178.16
16.6136 62.1532 -47.4924 12.6 64.8 74.884 -7.15 129.81
16.6136 62.1532 12.2986 12.6 30 53.2774 13.76 144.4
16.6136 62.1532 29.3304 12.6 42 74.1156 1.98 126.55
23.6572 68.3916 14.1813 12.6 48 54.8258 12.52 143.18
23.6572 68.3916 17.4702 12.6 54 44.8649 -10.51 161.27
23.6572 68.3916 36.704 12.6 42 73.9991 -5.92 130.2
23.6572 68.3916 8.3113 12.6 42 57.6987 -6.15 147.26
23.6572 68.3916 24.4029 12.6 36 79.7025 -7.4 124.74
23.6572 68.3916 4.6107 12.6 60 73.9191 -6.13 130.38
23.6572 68.3916 -0.893 12.6 48 54.4699 -5.97 150.43
23.6572 68.3916 9.1585 12.6 60 50.4908 -6.1 154.41
23.6572 68.3916 17.1618 12.6 48 73.9777 2.52 126.46
23.6572 68.3916 18.1151 12.6 36 77.3881 -6.36 126.76
23.6572 68.3916 -30.9284 12.6 36 259.0002 -15.36 -65.09
23.6572 68.3916 45.6369 12.6 84 24.4483 -20.87 -178.51
23.6572 68.3916 -0.05191 12.6 42 51.2336 -4.65 153.17
23.6572 68.3916 11.948 12.6 60 65.1984 -3.52 138.48
23.6572 68.3916 14.2704 12.6 48 50.7505 18.73 145.29
23.6572 68.3916 49.1401 12.6 66 76.4919 -7.44 128.22
23.6572 68.3916 40.9904 12.6 96 19.5191 -20.71 -174.72
23.6572 68.3916 0.98906 12.6 30 38.5341 -21.5 170.35
23.6572 68.3916 47.5807 12.6 66 28.6805 -24.64 179.08
23.6572 68.3916 -5.9733 12.6 84 51.2768 -3.69 152.79
18.0359 62.676 73.0177 12.6 70.8 16.9464 -15.24 -173.5
18.0359 62.676 64.436 12.6 46.8 24.0799 -19.78 -178.44
18.0359 62.676 1.1419 12.6 112.8 74.6529 0.51 126.62
18.0359 62.676 4.2385 12.6 64.8 39.3345 -18.77 168.82
18.0359 62.676 -3.1942 12.6 32.4 50.6127 18.51 145.53
13.6945 60.1335 -0.46293 12.6 48 51.282 22.32 143.25
8.5052 58.2702 -29.4044 12.6 85.2 39.3527 -13.57 167.23
8.5052 58.2702 -66.0374 12.6 32.4 251.3982 -28.04 -63.09
8.5052 58.2702 -30.9831 12.6 90 39.7563 -15.1 167.33
8.5052 58.2702 -30.1579 12.6 88.8 23.3643 -18.08 -178.2
8.5052 58.2702 -36.3695 12.6 94.8 40.2776 -14.11 166.57
8.5052 58.2702 -22.3635 12.6 92.4 51.2768 -3.69 152.79
17.1194 61.7364 79.5793 12.6 60 24.0799 -19.78 -178.44
19.2184 63.3416 -74.5936 12.6 45.6 73.9386 1.11 127.13
19.2184 63.3416 -32.3543 12.6 37.2 84.0347 -7.26 119.96
19.2184 63.3416 -43.3671 12.6 57.6 261.8509 -19.92 -70.63
19.2184 63.3416 83.6141 12.6 82.8 18.1585 -15.8 -174.4
19.2184 63.3416 -68.189 12.6 44.4 266.9366 -14.59 -73.58
19.2184 63.3416 -34.2463 12.6 64.8 76.2728 -0.19 125.17
19.2184 63.3416 -56.8123 12.6 67.2 256.7299 -31.75 -71.63
19.2184 63.3416 73.5625 12.6 46.8 39.69 -14.84 167.31
19.2184 63.3416 -76.514 12.6 75.6 258.8631 -26.11 -70.65
19.2184 63.3416 -68.6011 12.6 34.8 81.7605 -7.28 122.45
17.316 60.873 -72.3058 12.6 67.2 38.5341 -21.5 170.35
17.316 60.873 -60.45 12.6 27.6 266.9366 -14.59 -73.58
17.316 60.873 1.0034 12.6 42 53.2774 13.76 144.4
17.316 60.873 -72.0198 12.6 78 39.0385 -17 168.53
17.316 60.873 0.16639 12.6 61.2 50.6127 18.51 145.53
20.4095 69.5557 55.4757 12.6 76.2 24.6426 -20.83 -178.67
20.4095 69.5557 55.0901 12.6 64.8 24.301 -22.02 -178.16
20.4095 69.5557 43.2777 12.6 61.8 77.6891 -4.58 125.62
20.4095 69.5557 32.5711 12.6 89.4 74.572 1.29 126.36
20.4095 69.5557 29.2321 12.6 60.6 81.7605 -7.28 122.45
20.4095 69.5557 60.8093 12.6 69 23.8817 -19.85 -178.27
20.4095 69.5557 50.9559 12.6 82.8 78.9021 0.4 122.03
20.4095 69.5557 42.6587 12.6 64.2 81.2008 -7.24 123.04
31.3124 62.9182 31.4216 12.6 102 40.0086 -14.28 166.86
31.3124 62.9182 8.1032 12.6 42 25.1326 -19.4 -179.35
31.3124 62.9182 17.1152 12.6 90 74.6393 -1.07 127.34
31.3124 62.9182 20.9649 12.6 78 53.2164 -5.65 151.56
31.3124 62.9182 44.4565 12.6 54 73.6666 -5.93 130.56
31.3124 62.9182 20.4537 12.6 84 298.326 16.35 -93.99
31.3124 62.9182 8.0746 12.6 96 54.4954 -4.47 149.85
31.3124 62.9182 15.2219 12.6 78 72.9192 2.87 127.46
31.3124 62.9182 23.1412 12.6 108 39.5294 -15.6 167.68
31.3124 62.9182 20.2282 12.6 72 28.3628 -25.19 179.46
31.3124 62.9182 6.4415 12.6 54 28.4645 -25.77 179.53
31.3124 62.9182 -10.7061 12.6 72 211.0875 -56.02 -28.03
31.3124 62.9182 12.8796 12.6 36 24.2084 -17.34 -179.02
31.3124 62.9182 17.2978 12.6 96 76.6137 -6.11 127.48
31.3124 62.9182 25.0017 12.6 78 54.8258 12.52 143.18
31.3124 62.9182 21.9486 12.6 78 75.1542 -7.06 129.48
31.3124 62.9182 13.5522 12.6 84 44.8649 -10.51 161.27
31.3124 62.9182 2.3916 12.6 48 26.7905 -23.37 -179.78
31.3124 62.9182 6.8401 12.6 42 22.085 -17.34 -177.31
31.3124 62.9182 18.775 12.6 72 73.9991 -5.92 130.2
31.3124 62.9182 23.2586 12.6 66 57.6987 -6.15 147.26
31.3124 62.9182 13.2586 12.6 96 57.6987 -6.15 147.26
31.3124 62.9182 13.7592 12.6 96 73.4134 1.88 127.36
31.3124 62.9182 19.1803 12.6 78 38.5234 -22.35 170.63
31.3124 62.9182 6.4205 12.6 108 72.2334 5.15 127.2
31.3124 62.9182 -4.1017 12.6 42 208.2563 -60.2 -26.86
31.3124 62.9182 21.0002 12.6 84 72.8409 5.36 126.44
31.3124 62.9182 15.0857 12.6 90 75.0552 6.74 123.38
31.3124 62.9182 16.7105 12.6 90 73.9191 -6.13 130.38
31.3124 62.9182 13.9416 12.6 60 27.4294 -17.24 178.34
31.3124 62.9182 3.9416 12.6 36 27.4294 -17.24 178.34
31.3124 62.9182 18.7033 12.6 66 38.0438 -22.15 170.96
31.3124 62.9182 17.33 12.6 78 51.7114 -3.36 152.24
31.3124 62.9182 29.33 12.6 96 51.7114 -3.36 152.24
31.3124 62.9182 29.4222 12.6 102 44.713 -10.63 161.45
31.3124 62.9182 16.6039 12.6 96 76.4584 4.08 123.04
31.3124 62.9182 3.0838 12.6 60 298.9711 17.21 -94.34
31.3124 62.9182 5.5663 12.6 60 44.8949 -10.38 161.2
31.3124 62.9182 18.2709 12.6 90 73.9777 2.52 126.46
31.3124 62.9182 15.1544 12.6 66 27.5158 -23.78 179.76
31.3124 62.9182 13.1544 12.6 48 27.5158 -23.78 179.76
31.3124 62.9182 -5.8337 12.6 24 21.5229 -16.52 -177
31.3124 62.9182 18.0564 12.6 72 77.3881 -6.36 126.76
31.3124 62.9182 25.8711 12.6 30 251.2041 -28.4 -63.07
31.3124 62.9182 17.3373 12.6 78 38.9751 -20.67 169.72
31.3124 62.9182 22.8633 12.6 90 57.2442 -6.57 147.88
31.3124 62.9182 24.3277 12.6 96 58.7022 -7.56 146.8
31.3124 62.9182 12.8924 12.6 66 306.76 18.23 -102.69
31.3124 62.9182 11.0806 12.6 42 39.5946 -14.66 167.34
31.3124 62.9182 23.0806 12.6 114 39.5946 -14.66 167.34
31.3124 62.9182 17.398 12.6 96 74.6117 -6.53 129.82
31.3124 62.9182 26.1932 12.6 72 65.1984 -3.52 138.48
31.3124 62.9182 6.4081 12.6 36 19.4564 -17.97 -175.11
31.3124 62.9182 30.5189 12.6 60 84.0347 -7.26 119.96
31.3124 62.9182 12.9208 12.6 42 28.9064 -26.09 179.28
31.3124 62.9182 27.1516 12.6 84 44.3292 -11.45 162.07
31.3124 62.9182 -3.0482 12.6 36 19.5191 -20.71 -174.72
31.3124 62.9182 19.0553 12.6 66 38.5341 -21.5 170.35
31.3124 62.9182 19.0553 12.6 96 38.5341 -21.5 170.35
31.3124 62.9182 12.4167 12.6 60 28.6805 -24.64 179.08
31.3124 62.9182 16.0887 12.6 48 30.2213 -25.8 178.21
31.3124 62.9182 18.4386 12.6 84 296.2898 14.74 -92.41
31.3124 62.9182 -22.8368 12.6 42 24.0799 -19.78 -178.44
31.3124 62.9182 2.3412 12.6 36 23.235 -19.7 -177.79
31.3124 62.9182 14.4583 12.6 108 74.136 1.93 126.55
31.3124 62.9182 16.4356 12.6 90 74.1156 1.98 126.55
31.3124 62.9182 22.8682 12.6 114 39.0385 -17 168.53
31.3124 62.9182 26.2522 12.6 66 81.6913 -7.29 122.53
31.3124 62.9182 14.6034 12.6 78 52.8598 -5.39 151.82
31.3124 62.9182 16.5399 12.6 90 52.811 -5.2 151.8
31.3124 62.9182 11.3375 12.6 42 24.1377 -20.46 -178.35
31.3124 62.9182 10.0784 12.6 42 25.7854 -26.48 -178.3
31.3124 62.9182 15.04 12.6 102 74.6529 0.51 126.62
31.3124 62.9182 14.646 12.6 114 74.3245 1.85 126.38
31.3124 62.9182 15.1934 12.6 60 39.69 -14.84 167.31
31.3124 62.9182 15.1934 12.6 90 39.69 -14.84 167.31
31.3124 62.9182 28.2535 12.6 56.4 77.6891 -4.58 125.62
31.3124 62.9182 26.3186 12.6 76.8 81.7605 -7.28 122.45
31.3124 62.9182 14.9463 12.6 87.6 51.2768 -3.69 152.79
31.3124 62.9182 16.9463 12.6 92.4 51.2768 -3.69 152.79
31.3124 62.9182 30.9463 12.6 96 51.2768 -3.69 152.79
31.3124 62.9182 3.0111 12.6 54 39.5289 -14.6 167.38
31.3124 62.9182 11.0111 12.6 75.6 39.5289 -14.6 167.38
31.3124 62.9182 -12.48 12.6 57.6 27.8383 -24.1 179.59
31.3124 62.9182 1.52 12.6 44.4 27.8383 -24.1 179.59
31.3124 62.9182 23.0622 12.6 91.2 51.2934 -4.79 153.16
31.3124 62.9182 19.0622 12.6 79.2 51.2934 -4.79 153.16
31.3124 62.9182 7.0622 12.6 126 51.2934 -4.79 153.16
19.5433 66.6385 73.304 12.6 146.4 84.0347 -7.26 119.96
19.5433 66.6385 52.4193 12.6 73.2 19.5191 -20.71 -174.72
19.5433 66.6385 69.0878 12.6 54 38.5341 -21.5 170.35
19.5433 66.6385 55.2705 12.6 74.4 28.6805 -24.64 179.08
19.5433 66.6385 47.5767 12.6 72 74.136 1.93 126.55
19.5433 66.6385 46.9287 12.6 43.2 81.6913 -7.29 122.53
19.5433 66.6385 62.9474 12.6 92.4 24.1377 -20.46 -178.35
19.5433 66.6385 60.2504 12.6 52.8 23.3643 -18.08 -178.2
19.5433 66.6385 60.3731 12.6 69.6 25.7854 -26.48 -178.3
26.3095 62.1112 65.8349 12.6 84 17.0826 -15.24 -173.61
26.3095 62.1112 72.2112 12.6 78 15.3263 -16.59 -172.03
26.3095 62.1112 78.0325 12.6 48 298.326 16.35 -93.99
26.3095 62.1112 14.7909 12.6 96 72.9192 2.87 127.46
26.3095 62.1112 12.8431 12.6 42 39.7359 -20.07 168.89
26.3095 62.1112 3.0877 12.6 30 39.9446 -20.4 168.82
26.3095 62.1112 67.8944 12.6 66 211.0875 -56.02 -28.03
26.3095 62.1112 34.9567 12.6 48 76.6137 -6.11 127.48
26.3095 62.1112 8.5619 12.6 90 54.8258 12.52 143.18
26.3095 62.1112 20.7614 12.6 60 44.8649 -10.51 161.27
26.3095 62.1112 67.1711 12.6 72 17.7322 -20.77 -173.34
26.3095 62.1112 77.1116 12.6 66 22.085 -17.34 -177.31
26.3095 62.1112 16.4261 12.6 90 73.9991 -5.92 130.2
26.3095 62.1112 2.7175 12.6 54 24.56 -25.39 -177.64
26.3095 62.1112 43.3354 12.6 60 73.4134 1.88 127.36
26.3095 62.1112 70.1809 12.6 54 18.5823 -21.86 -173.82
26.3095 62.1112 30.2922 12.6 54 78.4857 1.27 122.09
26.3095 62.1112 45.2661 12.6 66 73.4786 3.88 126.4
26.3095 62.1112 49.9736 12.6 54 72.2334 5.15 127.2
26.3095 62.1112 30.5491 12.6 60 72.8409 5.36 126.44
26.3095 62.1112 24.6091 12.6 78 75.0552 6.74 123.38
26.3095 62.1112 34.3636 12.6 72 73.9191 -6.13 130.38
26.3095 62.1112 24.3636 12.6 60 73.9191 -6.13 130.38
26.3095 62.1112 21.1502 12.6 84 258.7329 -22.23 -68.33
26.3095 62.1112 53.8398 12.6 66 73.9777 2.52 126.46
26.3095 62.1112 69.8305 12.6 66 24.4232 -20.33 -178.6
26.3095 62.1112 7.3987 12.6 54 27.5158 -23.78 179.76
26.3095 62.1112 63.7192 12.6 66 77.3881 -6.36 126.76
26.3095 62.1112 67.8642 12.6 78 17.105 -15.3 -173.62
26.3095 62.1112 24.3606 12.6 54 57.2442 -6.57 147.88
26.3095 62.1112 64.2687 12.6 42 19.0898 -18.68 -174.71
26.3095 62.1112 39.6546 12.6 48 73.7641 2.19 126.84
26.3095 62.1112 27.0575 12.6 60 74.6117 -6.53 129.82
26.3095 62.1112 19.7807 12.6 66 65.1984 -3.52 138.48
26.3095 62.1112 66.5494 12.6 54 19.4564 -17.97 -175.11
26.3095 62.1112 31.8951 12.6 66 73.9386 1.11 127.13
26.3095 62.1112 83.1743 12.6 54 23.3681 -23.13 -177.22
26.3095 62.1112 56.1872 12.6 48 84.0347 -7.26 119.96
26.3095 62.1112 54.6839 12.6 54 28.6805 -24.64 179.08
26.3095 62.1112 65.4148 12.6 66 24.0799 -19.78 -178.44
26.3095 62.1112 71.4148 12.6 66 24.0799 -19.78 -178.44
26.3095 62.1112 66.5605 12.6 60 23.235 -19.7 -177.79
26.3095 62.1112 80.5605 12.6 72 23.235 -19.7 -177.79
26.3095 62.1112 26.0322 12.6 60 74.136 1.93 126.55
26.3095 62.1112 50.1135 12.6 48 74.2145 1.85 126.5
26.3095 62.1112 27.4177 12.6 54 73.5257 2.28 127.06
26.3095 62.1112 48.0091 12.6 54 74.1156 1.98 126.55
26.3095 62.1112 55.0732 12.6 78 75.4922 6.14 123.17
26.3095 62.1112 9.792 12.6 102 39.0385 -17 168.53
26.3095 62.1112 39.9269 12.6 48 81.6913 -7.29 122.53
26.3095 62.1112 75.4394 12.6 96 20.1741 -19.3 -175.46
26.3095 62.1112 65.5634 12.6 30 24.1377 -20.46 -178.35
26.3095 62.1112 22.6263 12.6 72 74.6529 0.51 126.62
26.3095 62.1112 30.2201 12.6 60 74.3245 1.85 126.38
26.3095 62.1112 28.8589 12.6 48 73.0574 3.86 126.87
26.3095 62.1112 77.4277 12.6 78 18.6674 -15.19 -174.9
26.3095 62.1112 44.8307 12.6 54 73.0523 4.21 126.72
26.3095 62.1112 77.9434 12.6 84 24.301 -22.02 -178.16
26.3095 62.1112 35.8933 12.6 48 77.6891 -4.58 125.62
26.3095 62.1112 30.0242 12.6 60 50.6127 18.51 145.53
26.3095 62.1112 2.362 12.6 72 51.2768 -3.69 152.79
26.3095 62.1112 -5.638 12.6 54 51.2768 -3.69 152.79
23.3567 65.8596 86.2181 12.6 81.6 24.3291 -21.15 -178.36
23.3567 65.8596 80.2821 12.6 52.8 277.1788 1.13 -77.39
23.3567 65.8596 77.3733 12.6 68.4 19.4564 -17.97 -175.11
23.3567 65.8596 -78.9291 12.6 50.4 39.69 -14.84 167.31
23.3567 65.8596 72.2167 12.6 70.8 24.301 -22.02 -178.16
24.8706 62.1664 68.3469 12.6 84 15.3263 -16.59 -172.03
24.8706 62.1664 35.3851 12.6 42 74.7355 1.07 126.28
24.8706 62.1664 47.4258 12.6 54 74.6393 -1.07 127.34
24.8706 62.1664 76.7691 12.6 36 298.326 16.35 -93.99
24.8706 62.1664 83.283 12.6 84 22.085 -17.34 -177.31
24.8706 62.1664 21.1167 12.6 42 73.9991 -5.92 130.2
24.8706 62.1664 86.8359 12.6 42 39.4336 -19.96 169.11
24.8706 62.1664 10.0507 12.6 78 73.4134 1.88 127.36
24.8706 62.1664 78.2264 12.6 66 18.5823 -21.86 -173.82
24.8706 62.1664 21.0532 12.6 36 73.9191 -6.13 130.38
24.8706 62.1664 68.6449 12.6 66 27.4294 -17.24 178.34
24.8706 62.1664 71.5254 12.6 90 16.6044 -15.27 -173.22
24.8706 62.1664 60.1168 12.6 66 28.2004 -23.31 179.12
24.8706 62.1664 46.7542 12.6 36 72.1536 3.04 128.22
24.8706 62.1664 29.5555 12.6 48 75.2592 6.53 123.25
24.8706 62.1664 73.5178 12.6 54 287.1029 9.95 -84.31
24.8706 62.1664 61.4925 12.6 66 27.5158 -23.78 179.76
24.8706 62.1664 68.6325 12.6 66 21.5229 -16.52 -177
24.8706 62.1664 18.4208 12.6 42 77.3881 -6.36 126.76
24.8706 62.1664 44.654 12.6 18 259.0002 -15.36 -65.09
24.8706 62.1664 1.9315 12.6 102 68.9945 -0.72 133.27
24.8706 62.1664 9.7485 12.6 84 74.6117 -6.53 129.82
24.8706 62.1664 58.8993 12.6 78 294.4515 14.49 -90.46
24.8706 62.1664 70.6869 12.6 66 19.4564 -17.97 -175.11
24.8706 62.1664 4.8971 12.6 84 50.7505 18.73 145.29
24.8706 62.1664 28.6091 12.6 36 73.9386 1.11 127.13
24.8706 62.1664 69.2367 12.6 78 23.3681 -23.13 -177.22
24.8706 62.1664 -3.6356 12.6 48 39.4423 -15.38 167.69
24.8706 62.1664 67.8705 12.6 90 16.9464 -15.24 -173.5
24.8706 62.1664 73.0467 12.6 84 19.5191 -20.71 -174.72
24.8706 62.1664 76.1306 12.6 72 38.5341 -21.5 170.35
24.8706 62.1664 -75.8694 12.6 60 38.5341 -21.5 170.35
24.8706 62.1664 80.1306 12.6 42 38.5341 -21.5 170.35
24.8706 62.1664 -86.0835 12.6 54 299.4681 17.19 -94.91
24.8706 62.1664 29.0406 12.6 42 72.621 5.7 126.53
24.8706 62.1664 77.1548 12.6 60 18.1585 -15.8 -174.4
24.8706 62.1664 77.5561 12.6 66 24.0799 -19.78 -178.44
24.8706 62.1664 75.5561 12.6 48 24.0799 -19.78 -178.44
24.8706 62.1664 76.6954 12.6 84 23.235 -19.7 -177.79
24.8706 62.1664 74.6954 12.6 42 23.235 -19.7 -177.79
24.8706 62.1664 6.7493 12.6 90 74.136 1.93 126.55
24.8706 62.1664 39.8064 12.6 30 75.4922 6.14 123.17
24.8706 62.1664 18.9267 12.6 84 74.3014 1.66 126.49
24.8706 62.1664 -2.4592 12.6 132 66.5536 -0.35 135.72
24.8706 62.1664 16.9374 12.6 54 74.3245 1.85 126.38
24.8706 62.1664 -89.8884 12.6 72 297.6717 15.88 -93.46
24.8706 62.1664 59.7312 12.6 78 16.8186 -15.14 -173.41
24.8706 62.1664 25.2126 12.6 36 74.572 1.29 126.36
24.8706 62.1664 63.0932 12.6 42 298.635 17.12 -94
24.8706 62.1664 -2.9578 12.6 48 51.2934 -4.79 153.16
24.8706 62.1664 21.0422 12.6 84 51.2934 -4.79 153.16
24.8706 62.1664 57.4726 12.6 72 78.9021 0.4 122.03
20.8037 69.043 71.4733 12.6 48 23.9096 -19.86 -178.29
20.8037 69.043 53.2505 12.6 48 21.614 -21.19 -176.25
20.8037 69.043 72.653 12.6 72 25.1326 -19.4 -179.35
20.8037 69.043 20.8337 12.6 90 53.2164 -5.65 151.56
20.8037 69.043 43.2588 12.6 36 276.1405 -2.31 -77.84
20.8037 69.043 44.3743 12.6 84 18.5823 -21.86 -173.82
20.8037 69.043 -87.9207 12.6 48 37.2676 -22.26 171.63
20.8037 69.043 65.9404 12.6 60 24.4232 -20.33 -178.6
20.8037 69.043 44.6998 12.6 72 27.5158 -23.78 179.76
20.8037 69.043 39.2903 12.6 30 77.3881 -6.36 126.76
20.8037 69.043 59.3348 12.6 84 25.9561 -21.61 -179.53
20.8037 69.043 46.9524 12.6 96 19.0898 -18.68 -174.71
20.8037 69.043 53.3801 12.6 42 276.5798 1.93 -76.36
20.8037 69.043 84.7821 12.6 90 39.5429 -14.34 167.29
20.8037 69.043 10.0421 12.6 90 84.0347 -7.26 119.96
20.8037 69.043 55.2932 12.6 54 19.5191 -20.71 -174.72
20.8037 69.043 63.7514 12.6 54 28.6805 -24.64 179.08
20.8037 69.043 66.8405 12.6 66 23.235 -19.7 -177.79
20.8037 69.043 47.6645 12.6 60 24.1377 -20.46 -178.35
20.8037 69.043 74.8961 12.6 54 39.69 -14.84 167.31
20.8037 69.043 64.0312 12.6 54 279.0407 0.43 -79.76
20.8037 69.043 68.4562 12.6 42 210.273 -56.2 -26.89
20.8037 69.043 -2.9866 12.6 72 51.2768 -3.69 152.79
20.8037 69.043 -0.98658 12.6 78 51.2768 -3.69 152.79
20.8037 69.043 -87.2468 12.6 66 39.5289 -14.6 167.38
5.247 59.212 -77.6356 12.6 39.6 78.9021 0.4 122.03
9.5982 59.6491 20.8894 12.6 72 256.9449 -20.13 -65.18
9.5982 59.6491 33.8479 12.6 84 23.9625 -17.66 -178.76
9.5982 59.6491 23.4452 12.6 90 96.4816 -2.43 103.98
9.5982 59.6491 23.0339 12.6 60 253.2 -24.98 -63.47
9.5982 59.6491 45.4212 12.6 120 39.4543 -15.78 167.8
9.5982 59.6491 14.2101 12.6 66 256.5543 -24.41 -67.03
9.5982 59.6491 41.7646 12.6 60 22.085 -17.34 -177.31
9.5982 59.6491 27.307 12.6 60 95.7416 -7.78 107.3
9.5982 59.6491 27.307 12.6 60 95.7416 -7.78 107.3
9.5982 59.6491 15.6762 12.6 108 93.7806 -10.2 110.63
9.5982 59.6491 13.9854 12.6 78 75.0552 6.74 123.38
9.5982 59.6491 15.7303 12.6 66 73.9191 -6.13 130.38
9.5982 59.6491 12.4093 12.6 66 258.7329 -22.23 -68.33
9.5982 59.6491 40.7458 12.6 66 95.1315 -8.02 108.09
9.5982 59.6491 14.3444 12.6 78 258.6568 -22.15 -68.2
9.5982 59.6491 6.1985 12.6 60 75.2592 6.53 123.25
9.5982 59.6491 49.1001 12.6 102 17.9407 -17.37 -174
9.5982 59.6491 14.0481 12.6 72 262.1737 -17.08 -69.52
9.5982 59.6491 10.6029 12.6 72 258.8959 -21.7 -68.23
9.5982 59.6491 20.9474 12.6 60 251.2041 -28.4 -63.07
9.5982 59.6491 9.1844 12.6 72 259.0002 -15.36 -65.09
9.5982 59.6491 44.3847 12.6 126 40.2776 -14.11 166.57
9.5982 59.6491 16.4488 12.6 72 256.646 -22.33 -66
9.5982 59.6491 11.3264 12.6 96 257.6565 -23.24 -67.65
20.1607 68.2229 25.7812 12.6 61.2 73.9386 1.11 127.13
20.1607 68.2229 34.2433 12.6 31.2 74.884 -7.15 129.81
20.1607 68.2229 65.5852 12.6 69.6 84.0347 -7.26 119.96
20.1607 68.2229 71.1308 12.6 56.4 24.0799 -19.78 -178.44
20.1607 68.2229 65.1308 12.6 49.2 24.0799 -19.78 -178.44
20.1607 68.2229 60.3234 12.6 74.4 23.235 -19.7 -177.79
20.1607 68.2229 24.0134 12.6 51.6 74.1156 1.98 126.55
20.1607 68.2229 41.383 12.6 63.6 279.0407 0.43 -79.76
20.1607 68.2229 61.2533 12.6 61.2 24.301 -22.02 -178.16
20.1607 68.2229 29.2658 12.6 50.4 77.6891 -4.58 125.62
29.8907 66.0255 24.6872 12.6 42 53.2164 -5.65 151.56
29.8907 66.0255 -44.4547 12.6 48 94.611 -5.93 107.68
29.8907 66.0255 13.0372 12.6 90 57.6987 -6.15 147.26
29.8907 66.0255 36.8867 12.6 42 73.9191 -6.13 130.38
29.8907 66.0255 11.1673 12.6 72 51.7114 -3.36 152.24
29.8907 66.0255 17.2143 12.6 78 57.8948 -5.5 146.81
29.8907 66.0255 -3.67 12.6 84 37.2676 -22.26 171.63
29.8907 66.0255 -5.1419 12.6 48 44.8949 -10.38 161.2
29.8907 66.0255 40.975 12.6 42 73.9777 2.52 126.46
29.8907 66.0255 24.3119 12.6 48 77.3881 -6.36 126.76
29.8907 66.0255 14.7424 12.6 54 51.2336 -4.65 153.17
29.8907 66.0255 -2.4468 12.6 54 304.7525 18.35 -100.38
29.8907 66.0255 38.9 12.6 42 84.0347 -7.26 119.96
29.8907 66.0255 -1.4376 12.6 54 28.6805 -24.64 179.08
29.8907 66.0255 19.1107 12.6 84 74.1156 1.98 126.55
29.8907 66.0255 22.568 12.6 66 81.6913 -7.29 122.53
29.8907 66.0255 8.2831 12.6 66 52.811 -5.2 151.8
29.8907 66.0255 2.1304 12.6 78 39.69 -14.84 167.31
29.8907 66.0255 0.75595 12.6 78 51.2768 -3.69 152.79
20.3368 67.9542 83.589 12.6 103.2 277.1788 1.13 -77.39
20.3368 67.9542 76.6228 12.6 68.4 23.3494 -23.01 -177.23
20.3368 67.9542 72.6228 12.6 49.2 23.3494 -23.01 -177.23
20.3368 67.9542 53.0302 12.6 79.2 19.5191 -20.71 -174.72
20.3368 67.9542 53.4353 12.6 72 24.0799 -19.78 -178.44
20.3368 67.9542 64.6253 12.6 78 23.235 -19.7 -177.79
20.3368 67.9542 57.468 12.6 70.8 24.1377 -20.46 -178.35
21.988 68.0493 65.0494 12.6 57.6 19.5191 -20.71 -174.72
21.988 68.0493 75.6833 12.6 43.2 28.6805 -24.64 179.08
21.988 68.0493 77.4094 12.6 50.4 24.0799 -19.78 -178.44
21.988 68.0493 72.6038 12.6 45.6 23.235 -19.7 -177.79
21.988 68.0493 62.6038 12.6 48 23.235 -19.7 -177.79
21.988 68.0493 71.688 12.6 62.4 20.1741 -19.3 -175.46
21.988 68.0493 79.4527 12.6 45.6 24.1377 -20.46 -178.35
21.988 68.0493 76.7527 12.6 45.6 23.3643 -18.08 -178.2
21.988 68.0493 70.8901 12.6 60 25.7854 -26.48 -178.3
21.988 68.0493 83.9276 12.6 69.6 24.6426 -20.83 -178.67
19.848 65.2856 10.0501 12.6 49.2 74.2145 1.85 126.5
19.848 65.2856 55.8888 12.6 73.2 20.1741 -19.3 -175.46
19.848 65.2856 59.0754 12.6 74.4 23.3643 -18.08 -178.2
19.848 65.2856 51.8662 12.6 86.4 18.1382 -18.03 -174.06
19.848 65.2856 79.4345 12.6 69.6 25.7854 -26.48 -178.3
19.848 65.2856 54.4818 12.6 75.6 74.6529 0.51 126.62
19.848 65.2856 87.3898 12.6 39.6 39.69 -14.84 167.31
19.848 65.2856 36.4052 12.6 61.2 74.572 1.29 126.36
15.5047 58.2232 -86.4253 12.6 67.2 39.5429 -14.34 167.29
15.5047 58.2232 84.7632 12.6 42 50.7505 18.73 145.29
15.5047 58.2232 23.4768 12.6 50.4 84.0347 -7.26 119.96
15.5047 58.2232 -88.1352 12.6 40.8 39.7563 -15.1 167.33
15.5047 58.2232 87.7725 12.6 76.8 39.69 -14.84 167.31
15.5047 58.2232 70.2534 12.6 26.4 297.6717 15.88 -93.46
13.542 68.131 7.0709 12.6 72 50.7505 18.73 145.29
13.446 55.632 -35.6321 12.6 54 84.0347 -7.26 119.96
13.446 55.632 -69.6321 12.6 51.6 84.0347 -7.26 119.96
13.446 55.632 -64.2566 12.6 52.8 74.3245 1.85 126.38
13.446 55.632 -53.1102 12.6 93.6 279.0407 0.43 -79.76
34.6514 67.8979 -3.8577 12.6 54 39.4543 -15.78 167.8
34.6514 67.8979 12.5111 12.6 54 305.432 18.56 -101.06
34.6514 67.8979 7.4492 12.6 84 53.8843 -5.88 150.98
34.6514 67.8979 0.58437 12.6 60 40.0086 -14.28 166.86
34.6514 67.8979 7.4138 12.6 48 298.326 16.35 -93.99
34.6514 67.8979 2.1916 12.6 72 39.6219 -13.5 166.97
34.6514 67.8979 10.4418 12.6 72 39.9804 -11.61 166.09
34.6514 67.8979 7.3349 12.6 60 51.7114 -3.36 152.24
34.6514 67.8979 29.1418 12.6 60 53.5673 -5.51 151.16
34.6514 67.8979 -7.5239 12.6 42 28.2004 -23.31 179.12
34.6514 67.8979 8.0125 12.6 84 54.4699 -5.97 150.43
34.6514 67.8979 5.7303 12.6 78 54.1766 -5.91 150.7
34.6514 67.8979 5.6145 12.6 78 54.0572 -5.75 150.76
34.6514 67.8979 2.3246 12.6 48 209.4416 -56.41 -25.74
34.6514 67.8979 1.987 12.6 48 298.9711 17.21 -94.34
34.6514 67.8979 0.20029 12.6 72 50.4908 -6.1 154.41
34.6514 67.8979 -6.9575 12.6 42 210.1284 -56.45 -26.85
34.6514 67.8979 12.2021 12.6 42 211.1882 -56.01 -28.18
34.6514 67.8979 28.0881 12.6 54 58.7022 -7.56 146.8
34.6514 67.8979 13.8188 12.6 66 29.5283 -24.98 178.52
34.6514 67.8979 -9.8883 12.6 48 23.3494 -23.01 -177.23
34.6514 67.8979 -13.2688 12.6 54 28.4234 -23.89 179.09
34.6514 67.8979 10.7016 12.6 60 303.6367 18.16 -99.2
34.6514 67.8979 11.8987 12.6 60 50.2103 -3.92 153.93
34.6514 67.8979 16.1123 12.6 48 39.4423 -15.38 167.69
34.6514 67.8979 23.817 12.6 48 50.0838 -6.45 154.93
34.6514 67.8979 23.7504 12.6 54 50.0111 -6.62 155.06
34.6514 67.8979 5.7504 12.6 66 50.0111 -6.62 155.06
34.6514 67.8979 12.496 12.6 54 44.3292 -11.45 162.07
34.6514 67.8979 -10.9665 12.6 36 28.6805 -24.64 179.08
34.6514 67.8979 -4.1798 12.6 78 39.0385 -17 168.53
34.6514 67.8979 7.8202 12.6 54 39.0385 -17 168.53
34.6514 67.8979 4.4611 12.6 102 52.8598 -5.39 151.82
34.6514 67.8979 6.4611 12.6 96 52.8598 -5.39 151.82
34.6514 67.8979 4.4124 12.6 84 52.811 -5.2 151.8
34.6514 67.8979 8.4124 12.6 66 52.811 -5.2 151.8
34.6514 67.8979 12.4672 12.6 60 50.7529 -7.23 154.55
34.6514 67.8979 -9.4528 12.6 42 24.1377 -20.46 -178.35
34.6514 67.8979 -5.3285 12.6 78 25.7854 -26.48 -178.3
34.6514 67.8979 10.3155 12.6 60 39.69 -14.84 167.31
34.6514 67.8979 2.3155 12.6 60 39.69 -14.84 167.31
34.6514 67.8979 -17.1439 12.6 36 24.301 -22.02 -178.16
34.6514 67.8979 5.2199 12.6 42 210.273 -56.2 -26.89
34.6514 67.8979 -20.3724 12.6 96 210.6681 -56.28 -27.57
34.6514 67.8979 6.9205 12.6 72 51.2768 -3.69 152.79
34.6514 67.8979 6.9205 12.6 84 51.2768 -3.69 152.79
34.6514 67.8979 17.5462 12.6 54 49.8041 -6.21 155.12
34.6514 67.8979 10.0847 12.6 66 25.528 -23.25 -178.84
34.6514 67.8979 14.1557 12.6 60 39.5289 -14.6 167.38
34.6514 67.8979 -7.8443 12.6 78 39.5289 -14.6 167.38
34.6514 67.8979 -17.7687 12.6 54 27.8383 -24.1 179.59
34.6514 67.8979 4.9506 12.6 72 51.2934 -4.79 153.16
34.6514 67.8979 6.9506 12.6 72 51.2934 -4.79 153.16
21.9983 67.4569 74.461 12.6 45.6 276.5798 1.93 -76.36
21.9983 67.4569 61.2015 12.6 58.8 19.4564 -17.97 -175.11
21.9983 67.4569 16.6924 12.6 30 50.7505 18.73 145.29
21.9983 67.4569 75.9874 12.6 50.4 28.6805 -24.64 179.08
21.9983 67.4569 50.8267 12.6 38.4 23.235 -19.7 -177.79
21.9983 67.4569 73.6876 12.6 45.6 24.1377 -20.46 -178.35
21.9983 67.4569 42.9362 12.6 39.6 91.5078 -9.25 112.69
21.9983 67.4569 47.1198 12.6 37.2 77.6891 -4.58 125.62
24.3958 60.2172 62.1294 12.6 60 17.0826 -15.24 -173.61
24.3958 60.2172 48.4457 12.6 72 15.3263 -16.59 -172.03
24.3958 60.2172 54.311 12.6 72 356.1579 19.88 -155.93
24.3958 60.2172 42.7631 12.6 42 94.611 -5.93 107.68
24.3958 60.2172 27.6301 12.6 54 76.6137 -6.11 127.48
24.3958 60.2172 47.6301 12.6 66 76.6137 -6.11 127.48
24.3958 60.2172 63.5906 12.6 48 22.085 -17.34 -177.31
24.3958 60.2172 15.124 12.6 54 73.9991 -5.92 130.2
24.3958 60.2172 29.7822 12.6 36 73.4134 1.88 127.36
24.3958 60.2172 32.3064 12.6 42 85.4312 -9.13 119.32
24.3958 60.2172 33.0696 12.6 30 73.9191 -6.13 130.38
24.3958 60.2172 61.0749 12.6 60 27.4294 -17.24 178.34
24.3958 60.2172 69.6331 12.6 60 16.6044 -15.27 -173.22
24.3958 60.2172 51.4429 12.6 42 95.1315 -8.02 108.09
24.3958 60.2172 46.4644 12.6 42 72.1536 3.04 128.22
24.3958 60.2172 43.0904 12.6 42 75.2592 6.53 123.25
24.3958 60.2172 46.2581 12.6 42 73.9777 2.52 126.46
24.3958 60.2172 26.3917 12.6 48 77.3881 -6.36 126.76
24.3958 60.2172 32.3917 12.6 48 77.3881 -6.36 126.76
24.3958 60.2172 60.1596 12.6 60 17.105 -15.3 -173.62
24.3958 60.2172 46.0866 12.6 54 73.7641 2.19 126.84
24.3958 60.2172 64.9408 12.6 42 19.4564 -17.97 -175.11
24.3958 60.2172 61.7363 12.6 48 23.3494 -23.01 -177.23
24.3958 60.2172 59.9871 12.6 54 16.9464 -15.24 -173.5
24.3958 60.2172 44.7984 12.6 66 84.0347 -7.26 119.96
24.3958 60.2172 36.7984 12.6 36 84.0347 -7.26 119.96
24.3958 60.2172 63.3174 12.6 66 18.1585 -15.8 -174.4
24.3958 60.2172 32.5742 12.6 42 81.6913 -7.29 122.53
24.3958 60.2172 45.1007 12.6 60 74.6529 0.51 126.62
24.3958 60.2172 40.6553 12.6 48 74.3245 1.85 126.38
24.3958 60.2172 63.8421 12.6 56.4 16.8186 -15.14 -173.41
24.3958 60.2172 38.4992 12.6 39.6 77.6891 -4.58 125.62
24.3958 60.2172 46.639 12.6 69.6 81.7605 -7.28 122.45
24.3958 60.2172 43.1668 12.6 50.4 78.9021 0.4 122.03
7.547 62.5698 29.8677 12.6 37.2 75.0362 6.72 123.41
7.547 62.5698 34.2761 12.6 68.4 24.0799 -19.78 -178.44
19.0294 65.7875 45.7714 12.6 44.4 74.884 -7.15 129.81
19.0294 65.7875 78.0149 12.6 103.2 19.5191 -20.71 -174.72
19.0294 65.7875 86.9253 12.6 86.4 38.5341 -21.5 170.35
19.0294 65.7875 84.9253 12.6 82.8 38.5341 -21.5 170.35
19.0294 65.7875 73.0151 12.6 63.6 28.6805 -24.64 179.08
19.0294 65.7875 66.5143 12.6 64.8 30.2213 -25.8 178.21
19.0294 65.7875 60.5635 12.6 72 24.0799 -19.78 -178.44
19.0294 65.7875 60.5635 12.6 58.8 24.0799 -19.78 -178.44
19.0294 65.7875 64.5635 12.6 72 24.0799 -19.78 -178.44
19.0294 65.7875 49.7257 12.6 62.4 23.235 -19.7 -177.79
19.0294 65.7875 43.1739 12.6 62.4 74.136 1.93 126.55
19.0294 65.7875 8.6093 12.6 46.8 75.4922 6.14 123.17
19.0294 65.7875 54.6299 12.6 54 81.6913 -7.29 122.53
19.0294 65.7875 44.6055 12.6 82.8 24.1377 -20.46 -178.35
19.0294 65.7875 67.8893 12.6 76.8 23.3643 -18.08 -178.2
19.0294 65.7875 66.0857 12.6 70.8 25.7854 -26.48 -178.3
29.0402 65.9113 12.5442 12.6 36 53.8843 -5.88 150.98
29.0402 65.9113 27.8912 12.6 54 53.2164 -5.65 151.56
29.0402 65.9113 19.1437 12.6 54 72.9192 2.87 127.46
29.0402 65.9113 24.2763 12.6 54 51.5729 -4.81 152.89
29.0402 65.9113 28.7841 12.6 60 76.6137 -6.11 127.48
29.0402 65.9113 27.3376 12.6 54 75.1542 -7.06 129.48
29.0402 65.9113 37.3376 12.6 60 75.1542 -7.06 129.48
29.0402 65.9113 8.2507 12.6 66 57.6987 -6.15 147.26
29.0402 65.9113 23.6351 12.6 60 73.4134 1.88 127.36
29.0402 65.9113 26.46 12.6 54 72.2334 5.15 127.2
29.0402 65.9113 21.0674 12.6 60 72.8409 5.36 126.44
29.0402 65.9113 35.8431 12.6 36 73.6224 1.75 127.19
29.0402 65.9113 21.2897 12.6 54 75.0552 6.74 123.38
29.0402 65.9113 22.122 12.6 54 73.9191 -6.13 130.38
29.0402 65.9113 26.3708 12.6 66 51.7114 -3.36 152.24
29.0402 65.9113 7.114 12.6 54 54.4699 -5.97 150.43
29.0402 65.9113 8.8283 12.6 48 54.1766 -5.91 150.7
29.0402 65.9113 23.4939 12.6 48 75.2592 6.53 123.25
29.0402 65.9113 24.4286 12.6 42 57.8948 -5.5 146.81
29.0402 65.9113 22.6857 12.6 42 76.4584 4.08 123.04
29.0402 65.9113 30.1989 12.6 48 73.9777 2.52 126.46
29.0402 65.9113 21.5489 12.6 60 77.3881 -6.36 126.76
29.0402 65.9113 35.252 12.6 54 58.7022 -7.56 146.8
29.0402 65.9113 7.943 12.6 42 51.2336 -4.65 153.17
29.0402 65.9113 25.9852 12.6 60 73.7641 2.19 126.84
29.0402 65.9113 78.8812 12.6 48 276.5798 1.93 -76.36
29.0402 65.9113 59.5147 12.6 30 277.1788 1.13 -77.39
29.0402 65.9113 36.1569 12.6 42 73.9386 1.11 127.13
29.0402 65.9113 22.1388 12.6 66 84.0347 -7.26 119.96
29.0402 65.9113 30.3555 12.6 60 74.136 1.93 126.55
29.0402 65.9113 32.3353 12.6 60 74.1156 1.98 126.55
29.0402 65.9113 31.8073 12.6 42 81.6913 -7.29 122.53
29.0402 65.9113 3.4867 12.6 54 52.811 -5.2 151.8
29.0402 65.9113 3.5529 12.6 78 50.7529 -7.23 154.55
29.0402 65.9113 24.8667 12.6 60 74.6529 0.51 126.62
29.0402 65.9113 22.5433 12.6 48 74.3245 1.85 126.38
29.0402 65.9113 31.8762 12.6 48 81.7605 -7.28 122.45
29.0402 65.9113 23.8762 12.6 72 81.7605 -7.28 122.45
29.0402 65.9113 3.958 12.6 42 51.2768 -3.69 152.79
29.0402 65.9113 -0.041993 12.6 102 51.2768 -3.69 152.79
29.0402 65.9113 19.1033 12.6 48 39.5289 -14.6 167.38
29.0402 65.9113 21.1071 12.6 84 78.9021 0.4 122.03
9.1733 56.455 -68.3708 12.6 60 258.8959 -21.7 -68.23
9.1733 56.455 -75.4552 12.6 54 270.8558 -7.64 -74.53
9.1733 56.455 -63.4327 12.6 48 259.0002 -15.36 -65.09
13.1157 66.0951 13.4173 12.6 61.2 73.9386 1.11 127.13
13.1157 66.0951 46.955 12.6 68.4 24.0799 -19.78 -178.44
14.0562 66.1406 42.1457 12.6 50.4 24.0799 -19.78 -178.44
16.5613 66.4717 64.6522 12.6 52.8 19.5191 -20.71 -174.72
16.5613 66.4717 73.4832 12.6 50.4 28.6805 -24.64 179.08
16.5613 66.4717 77.2296 12.6 43.2 24.0799 -19.78 -178.44
16.5613 66.4717 81.2296 12.6 62.4 24.0799 -19.78 -178.44
16.5613 66.4717 61.2296 12.6 39.6 24.0799 -19.78 -178.44
17.5295 66.6073 71.5246 12.6 61.2 23.3681 -23.13 -177.22
17.5295 66.6073 53.86 12.6 64.8 19.5191 -20.71 -174.72
17.5295 66.6073 72.6851 12.6 52.8 28.6805 -24.64 179.08
17.5295 66.6073 56.4048 12.6 51.6 24.0799 -19.78 -178.44
15.4821 65.7581 53.1139 12.6 78 23.3681 -23.13 -177.22
15.4821 65.7581 66.0712 12.6 62.4 24.0799 -19.78 -178.44
16.2446 65.9673 60.3651 12.6 52.8 19.5191 -20.71 -174.72
16.2446 65.9673 77.4447 12.6 55.2 38.5341 -21.5 170.35
16.2446 65.9673 63.2825 12.6 63.6 28.6805 -24.64 179.08
16.2446 65.9673 50.9807 12.6 62.4 24.0799 -19.78 -178.44
16.1439 65.207 80.4198 12.6 70.8 19.5191 -20.71 -174.72
16.1439 65.207 75.7107 12.6 64.8 38.5341 -21.5 170.35
16.1439 65.207 67.3043 12.6 75.6 18.1585 -15.8 -174.4
16.1439 65.207 77.0849 12.6 58.8 24.0799 -19.78 -178.44
16.1439 65.207 77.0849 12.6 61.2 24.0799 -19.78 -178.44
16.9557 64.7975 63.5942 12.6 43.2 19.5191 -20.71 -174.72
16.9557 64.7975 50.261 12.6 56.4 24.0799 -19.78 -178.44
17.6128 64.9657 71.0486 12.6 39.6 24.0799 -19.78 -178.44
17.1136 65.1625 67.703 12.6 45.6 19.5191 -20.71 -174.72
17.1136 65.1625 66.791 12.6 61.2 28.6805 -24.64 179.08
17.1136 65.1625 66.5255 12.6 66 18.1585 -15.8 -174.4
17.1136 65.1625 70.3429 12.6 44.4 24.0799 -19.78 -178.44
16.1918 65.744 48.981 12.6 67.2 24.0799 -19.78 -178.44
16.1918 65.744 64.981 12.6 57.6 24.0799 -19.78 -178.44
17.7294 65.6478 48.3736 12.6 79.2 19.5191 -20.71 -174.72
17.7294 65.6478 83.4237 12.6 38.4 38.5341 -21.5 170.35
17.7294 65.6478 79.3798 12.6 67.2 28.6805 -24.64 179.08
14.7075 68.5788 64.3532 12.6 45.6 24.0799 -19.78 -178.44
14.7075 68.5788 53.5419 12.6 49.2 23.235 -19.7 -177.79
14.7075 68.5788 64.3406 12.6 50.4 24.1377 -20.46 -178.35
14.9863 68.3134 70.2547 12.6 55.2 19.5191 -20.71 -174.72
14.9863 68.3134 8.3397 12.6 54 75.688 -3.8 127.43
14.9863 68.3134 33.8781 12.6 60 72.621 5.7 126.53
14.9863 68.3134 43.1626 12.6 49.2 74.136 1.93 126.55
14.9863 68.3134 35.1452 12.6 67.2 74.1156 1.98 126.55
16.5611 68.7839 42.1246 12.6 60 19.5191 -20.71 -174.72
16.5611 68.7839 60.5568 12.6 55.2 28.6805 -24.64 179.08
16.5611 68.7839 60.5733 12.6 60 24.0799 -19.78 -178.44
16.5611 68.7839 26.6396 12.6 55.2 76.2728 -0.19 125.17
16.5611 68.7839 45.7665 12.6 62.4 23.235 -19.7 -177.79
16.5611 68.7839 54.792 12.6 103.2 74.3245 1.85 126.38
16.5611 68.7839 74.2572 12.6 40.8 39.69 -14.84 167.31
15.5136 68.1033 46.9583 12.6 63.6 19.5191 -20.71 -174.72
15.5136 68.1033 71.4662 12.6 45.6 24.0799 -19.78 -178.44
15.5136 68.1033 44.5003 12.6 64.8 78.9295 0.4 122
15.5136 68.1033 53.4624 12.6 62.4 24.1377 -20.46 -178.35
15.5136 68.1033 6.1145 12.6 52.8 74.6529 0.51 126.62
15.9367 67.9662 47.519 12.6 56.4 19.5191 -20.71 -174.72
15.9367 67.9662 22.5299 12.6 49.2 74.6529 0.51 126.62
15.9533 68.4004 61.9305 12.6 46.8 24.0799 -19.78 -178.44
15.9533 68.4004 67.9281 12.6 45.6 24.1377 -20.46 -178.35
15.9533 68.4004 65.3765 12.6 61.2 23.3643 -18.08 -178.2
15.9533 68.4004 71.7112 12.6 69.6 39.69 -14.84 167.31
15.2277 67.761 20.4589 12.6 50.4 73.0574 3.86 126.87
15.438 68.7139 44.7419 12.6 72 19.5191 -20.71 -174.72
15.438 68.7139 59.2172 12.6 50.4 24.0799 -19.78 -178.44
15.438 68.7139 51.2091 12.6 58.8 24.1377 -20.46 -178.35
15.438 68.7139 39.9711 12.6 60 74.6529 0.51 126.62
12.6935 67.6639 27.069 12.6 66 74.136 1.93 126.55
12.6935 67.6639 33.0514 12.6 69.6 74.1156 1.98 126.55
12.6935 67.6639 38.252 12.6 87.6 81.6913 -7.29 122.53
12.6935 67.6639 25.5054 12.6 73.2 74.6529 0.51 126.62
12.6935 67.6639 23.2576 12.6 62.4 74.3245 1.85 126.38
14.1976 68.3212 5.1399 12.6 57.6 72.621 5.7 126.53
14.1976 68.3212 4.4176 12.6 62.4 74.136 1.93 126.55
14.1976 68.3212 29.4514 12.6 55.2 73.0574 3.86 126.87
13.1862 58.9278 -5.4004 12.6 60 39.7312 -15.06 167.34
13.1862 58.9278 -5.1896 12.6 96 51.0993 24.4 142.59
13.1862 58.9278 -13.3716 12.6 49.2 39.7563 -15.1 167.33
13.1862 58.9278 -1.0432 12.6 31.2 40.0248 -16.07 167.39
13.1862 58.9278 9.2291 12.6 37.2 74.572 1.29 126.36
14.0306 67.0368 36.4732 12.6 46.8 74.2145 1.85 126.5
14.6364 67.3871 30.1899 12.6 63.6 75.688 -3.8 127.43
14.6364 67.3871 33.3762 12.6 42 74.6529 0.51 126.62
13.1199 66.3879 56.2241 12.6 45.6 19.5191 -20.71 -174.72
13.9581 66.8161 8.3538 12.6 43.2 74.136 1.93 126.55
13.9581 66.8161 4.3353 12.6 43.2 74.1156 1.98 126.55
14.4622 67.1909 -1.8474 12.6 105.6 53.2774 13.76 144.4
14.4622 67.1909 9.2376 12.6 48 74.6529 0.51 126.62
14.4622 67.1909 6.9737 12.6 61.2 74.3245 1.85 126.38
13.7354 66.9732 -3.4175 12.6 72 74.6529 0.51 126.62
13.0097 66.513 11.9638 12.6 37.2 74.6529 0.51 126.62
13.0097 66.513 11.6894 12.6 48 74.3245 1.85 126.38
13.0097 66.513 25.8631 12.6 49.2 257.1109 -30.65 -71.37
10.7774 61.0307 -40.2171 12.6 42 91.3024 -8.19 112.41
10.7774 61.0307 -39.9144 12.6 45 95.7416 -7.78 107.3
10.7774 61.0307 -75.4436 12.6 42 84.0347 -7.26 119.96
10.7629 61.2759 -46.2852 12.6 45 91.3024 -8.19 112.41
10.7629 61.2759 -46.0993 12.6 36 276.3069 -1.29 -77.55
10.7629 61.2759 -48.3002 12.6 48 276.097 -1.27 -77.31
11.369 61.2251 -37.4284 12.6 54 95.7416 -7.78 107.3
11.369 61.2251 -59.4046 12.6 51 274.6915 -5.08 -77.54
11.369 61.2251 -67.7691 12.6 60 276.097 -1.27 -77.31
11.369 61.2251 -83.2706 12.6 93 270.8558 -7.64 -74.53
11.369 61.2251 -65.8782 12.6 51 270.2781 -8.41 -74.26
11.7153 61.1128 -25.1055 12.6 63 95.7416 -7.78 107.3
11.5414 60.7353 38.1953 12.6 45 258.6568 -22.15 -68.2
19.0347 67.8673 32.639 12.6 43.2 73.7641 2.19 126.84
19.0347 67.8673 53.4791 12.6 69.6 19.4564 -17.97 -175.11
19.0347 67.8673 79.01 12.6 90 23.3494 -23.01 -177.23
19.0347 67.8673 16.7577 12.6 73.2 73.9386 1.11 127.13
19.0347 67.8673 49.4302 12.6 75.6 19.5191 -20.71 -174.72
19.0347 67.8673 17.6642 12.6 48 72.621 5.7 126.53
19.0347 67.8673 57.8711 12.6 51.6 24.0799 -19.78 -178.44
19.0347 67.8673 55.8711 12.6 67.2 24.0799 -19.78 -178.44
19.0347 67.8673 59.8711 12.6 64.8 24.0799 -19.78 -178.44
19.0347 67.8673 8.9861 12.6 72 74.1156 1.98 126.55
19.0347 67.8673 42.1993 12.6 51.6 81.6913 -7.29 122.53
19.0347 67.8673 26.2663 12.6 56.4 77.6891 -4.58 125.62
14.8573 63.4428 -38.0483 12.6 44.4 276.5798 1.93 -76.36
14.8573 63.4428 -51.4847 12.6 55.2 277.1788 1.13 -77.39
14.8573 63.4428 -48.6098 12.6 46.8 81.7605 -7.28 122.45
14.8573 63.4428 -76.6098 12.6 60 81.7605 -7.28 122.45
15.0401 59.5704 69.5528 12.6 76.8 24.0799 -19.78 -178.44
15.0401 59.5704 62.6121 12.6 72 23.235 -19.7 -177.79
15.0401 59.5704 76.4913 12.6 57.6 39.69 -14.84 167.31
15.0401 59.5704 86.9091 12.6 36 40.0248 -16.07 167.39
18.6308 59.6769 64.877 12.6 49.2 24.3291 -21.15 -178.36
18.6308 59.6769 -89.4621 12.6 57.6 39.5429 -14.34 167.29
18.6308 59.6769 -8.5583 12.6 42 50.7505 18.73 145.29
18.6308 59.6769 -87.174 12.6 39.6 39.7563 -15.1 167.33
18.6308 59.6769 -75.7503 12.6 45.6 39.0385 -17 168.53
18.6308 59.6769 78.7342 12.6 25.2 39.69 -14.84 167.31
18.6308 59.6769 -4.4087 12.6 75.6 51.2768 -3.69 152.79
11.9673 64.5307 60.5974 12.6 55.2 16.6044 -15.27 -173.22
11.9673 64.5307 -76.8441 12.6 33.6 76.4584 4.08 123.04
9.7362 63.4946 38.3177 12.6 26.4 15.3263 -16.59 -172.03
9.7362 63.4946 13.2761 12.6 72 256.538 -22.15 -65.78
7.1518 62.7815 32.9134 12.6 45.6 15.3263 -16.59 -172.03
6.924 60.576 -8.3109 12.6 55.2 39.5294 -15.6 167.68
6.924 60.576 2.3352 12.6 48 51.9207 22 142.65
6.924 60.576 -3.0205 12.6 64.8 50.6294 18.9 145.36
6.924 60.576 -28.489 12.6 40.8 39.7359 -20.07 168.89
8.2907 60.618 7.4683 12.6 50.4 256.538 -22.15 -65.78
11.815 59.8529 71.3716 12.6 48 15.3263 -16.59 -172.03
11.815 59.8529 74.2151 12.6 38.4 39.5294 -15.6 167.68
11.815 59.8529 43.916 12.6 31.2 94.611 -5.93 107.68
11.815 59.8529 88.4358 12.6 38.4 39.7359 -20.07 168.89
6.5938 59.9526 -16.2372 12.6 52.8 53.8843 -5.88 150.98
6.5938 59.9526 -4.4832 12.6 74.4 39.5294 -15.6 167.68
6.5938 59.9526 2.0499 12.6 69.6 51.9207 22 142.65
6.5938 59.9526 -17.2885 12.6 64.8 50.6294 18.9 145.36
6.5938 59.9526 -8.6434 12.6 67.2 39.7359 -20.07 168.89
6.5938 59.9526 8.8848 12.6 67.2 54.8258 12.52 143.18
5.2414 59.2681 -57.8556 12.6 67.2 15.3263 -16.59 -172.03
5.2414 59.2681 -47.7089 12.6 79.2 267.6925 -8.13 -71.27
9.0357 58.7485 4.7693 12.6 67.2 50.485 20.99 144.7
9.0357 58.7485 -9.8306 12.6 55.2 51.9207 22 142.65
9.0357 58.7485 -17.4549 12.6 93.6 211.0875 -56.02 -28.03
7.4186 58.6201 -22.7892 12.6 100.8 15.3263 -16.59 -172.03
7.4186 58.6201 -14.6379 12.6 79.2 50.485 20.99 144.7
7.4186 58.6201 -12.9676 12.6 64.8 39.6157 -19.94 168.95
7.4186 58.6201 -30.8341 12.6 88.8 39.7359 -20.07 168.89
7.4186 58.6201 -25.7359 12.6 67.2 40.3452 -11.61 165.76
7.4186 58.6201 -26.4444 12.6 62.4 39.7066 -11.38 166.27
7.4186 58.6201 -12.1913 12.6 45.6 54.8258 12.52 143.18
7.4186 58.6201 -6.8366 12.6 81.6 39.5294 -15.6 167.68
7.4186 58.6201 -22.4428 12.6 72 211.0875 -56.02 -28.03
7.4186 58.6201 -11.2215 12.6 50.4 51.9207 22 142.65
5.6824 58.7424 -51.5457 12.6 52.8 83.8759 -7.21 120.11
6.6196 58.1312 -10.3002 12.6 50.4 39.1596 -18.87 169
6.6196 58.1312 12.5032 12.6 57.6 53.8843 -5.88 150.98
6.6196 58.1312 6.6807 12.6 52.8 50.485 20.99 144.7
6.6196 58.1312 0.32955 12.6 72 39.5294 -15.6 167.68
6.6196 58.1312 -5.2524 12.6 55.2 39.7066 -11.38 166.27
6.6196 58.1312 16.0981 12.6 79.2 51.9207 22 142.65
6.6196 58.1312 -21.695 12.6 48 39.7359 -20.07 168.89
6.6196 58.1312 -17.695 12.6 60 39.7359 -20.07 168.89
6.6196 58.1312 -31.6666 12.6 69.6 39.7658 -20.18 168.9
6.6196 58.1312 -27.0109 12.6 117.6 211.0875 -56.02 -28.03
6.6196 58.1312 11.1344 12.6 60 54.8258 12.52 143.18
6.6196 58.1312 -1.4028 12.6 62.4 44.8649 -10.51 161.27
7.3859 59.4949 -19.3315 12.6 74.4 39.7359 -20.07 168.89
18.0042 59.0047 78.157 12.6 31.2 39.5429 -14.34 167.29
18.0042 59.0047 -83.8506 12.6 66 39.4423 -15.38 167.69
18.0042 59.0047 -89.5778 12.6 74.4 39.7312 -15.06 167.34
18.0042 59.0047 59.9619 12.6 37.2 24.0799 -19.78 -178.44
18.0042 59.0047 83.9619 12.6 114 24.0799 -19.78 -178.44
18.0042 59.0047 86.4524 12.6 19.2 39.7563 -15.1 167.33
18.0042 59.0047 85.8826 12.6 78 39.0385 -17 168.53
18.0042 59.0047 78.7179 12.6 66 40.0776 -14.35 166.82
6.628 59.912 3.6568 12.6 70.8 39.5289 -14.6 167.38
6.628 59.912 15.473 12.6 51.6 78.9021 0.4 122.03
6.628 59.912 1.0062 12.6 70.8 53.1251 -5.4 151.56
6.628 59.912 -7.2874 12.6 82.8 39.0164 -18.8 169.1
20.7162 64.4085 82.5468 12.6 84 19.4564 -17.97 -175.11
20.7162 64.4085 73.9381 12.6 25.2 28.6805 -24.64 179.08
20.7162 64.4085 65.2093 12.6 39.6 18.1585 -15.8 -174.4
20.7162 64.4085 75.2231 12.6 63.6 24.0799 -19.78 -178.44
20.7162 64.4085 78.373 12.6 45.6 23.235 -19.7 -177.79
20.7162 64.4085 61.2223 12.6 45.6 18.1382 -18.03 -174.06
20.7162 64.4085 -82.7721 12.6 102 258.8631 -26.11 -70.65
11.9177 57.3965 -76.6209 12.6 70.8 74.6117 -6.53 129.82
11.9177 57.3965 -12.4349 12.6 51.6 39.5429 -14.34 167.29
11.9177 57.3965 -37.9742 12.6 44.4 277.1788 1.13 -77.39
11.9177 57.3965 -24.2921 12.6 75.6 51.0993 24.4 142.59
11.9177 57.3965 -59.6694 12.6 45.6 81.6913 -7.29 122.53
11.9177 57.3965 -39.674 12.6 28.8 99.4842 -2.21 100.57
11.9177 57.3965 -16.4441 12.6 38.4 50.6127 18.51 145.53
16.0994 57.1947 13.3147 12.6 22.8 50.7505 18.73 145.29
16.0994 57.1947 -72.9338 12.6 97.2 39.806 -13.58 166.83
17.1342 60.2298 76.531 12.6 46.8 304.7525 18.35 -100.38
17.1342 60.2298 76.137 12.6 57.6 50.7505 18.73 145.29
17.1342 60.2298 -75.5601 12.6 73.2 39.4423 -15.38 167.69
17.1342 60.2298 52.417 12.6 43.2 16.9464 -15.24 -173.5
17.1342 60.2298 -79.2474 12.6 44.4 39.7563 -15.1 167.33
17.1342 60.2298 -75.8862 12.6 62.4 39.0385 -17 168.53
17.1342 60.2298 -76.439 12.6 58.8 52.8185 -5.47 151.89
17.1342 60.2298 -71.319 12.6 39.6 74.6529 0.51 126.62
17.1342 60.2298 53.504 12.6 54 297.6717 15.88 -93.46
17.1342 60.2298 -80.9065 12.6 78 40.0248 -16.07 167.39
17.1342 60.2298 -59.7569 12.6 36 81.7605 -7.28 122.45
17.1342 60.2298 -82.9804 12.6 78 39.958 -16.01 167.43
24.7314 64.3673 -85.848 12.6 48 51.2336 -4.65 153.17
24.7314 64.3673 83.621 12.6 108 19.4564 -17.97 -175.11
24.7314 64.3673 6.906 12.6 72 50.7505 18.73 145.29
24.7314 64.3673 75.8746 12.6 90 19.5191 -20.71 -174.72
24.7314 64.3673 84.5485 12.6 66 38.5341 -21.5 170.35
24.7314 64.3673 76.1961 12.6 84 18.1585 -15.8 -174.4
24.7314 64.3673 78.3031 12.6 66 24.0799 -19.78 -178.44
24.7314 64.3673 -85.5793 12.6 132 20.1741 -19.3 -175.46
24.7314 64.3673 79.4843 12.6 66 23.3643 -18.08 -178.2
25.8964 65.0853 73.137 12.6 66 23.7873 -19.93 -178.18
25.8964 65.0853 68.6559 12.6 78 15.3263 -16.59 -172.03
25.8964 65.0853 31.7151 12.6 72 53.8843 -5.88 150.98
25.8964 65.0853 53.9355 12.6 48 94.611 -5.93 107.68
25.8964 65.0853 81.3148 12.6 84 17.7322 -20.77 -173.34
25.8964 65.0853 73.3054 12.6 72 22.085 -17.34 -177.31
25.8964 65.0853 47.4548 12.6 54 73.9991 -5.92 130.2
25.8964 65.0853 48.7988 12.6 54 73.4134 1.88 127.36
25.8964 65.0853 66.2284 12.6 66 18.5823 -21.86 -173.82
25.8964 65.0853 75.7894 12.6 30 208.2563 -60.2 -26.86
25.8964 65.0853 -54.7551 12.6 18 263.9153 -15.04 -70.44
25.8964 65.0853 64.7773 12.6 48 85.4312 -9.13 119.32
25.8964 65.0853 44.1877 12.6 54 80.8031 -7.15 123.43
25.8964 65.0853 50.1877 12.6 54 80.8031 -7.15 123.43
25.8964 65.0853 58.3882 12.6 72 75.0552 6.74 123.38
25.8964 65.0853 53.3779 12.6 54 73.9191 -6.13 130.38
25.8964 65.0853 74.4919 12.6 60 27.4294 -17.24 178.34
25.8964 65.0853 75.033 12.6 48 38.0438 -22.15 170.96
25.8964 65.0853 77.6472 12.6 66 28.2004 -23.31 179.12
25.8964 65.0853 36.5936 12.6 60 75.2592 6.53 123.25
25.8964 65.0853 69.2671 12.6 66 17.9407 -17.37 -174
25.8964 65.0853 45.8085 12.6 48 76.4584 4.08 123.04
25.8964 65.0853 65.7817 12.6 78 24.4232 -20.33 -178.6
25.8964 65.0853 81.0231 12.6 72 27.5158 -23.78 179.76
25.8964 65.0853 77.0231 12.6 72 27.5158 -23.78 179.76
25.8964 65.0853 60.7038 12.6 90 21.5229 -16.52 -177
25.8964 65.0853 60.8051 12.6 54 77.3881 -6.36 126.76
25.8964 65.0853 50.8051 12.6 60 77.3881 -6.36 126.76
25.8964 65.0853 -77.7175 12.6 60 259.0002 -15.36 -65.09
25.8964 65.0853 80.9336 12.6 66 21.4979 -20.19 -176.34
25.8964 65.0853 71.7495 12.6 72 24.3291 -21.15 -178.36
25.8964 65.0853 53.144 12.6 54 73.7641 2.19 126.84
25.8964 65.0853 74.7879 12.6 84 19.4564 -17.97 -175.11
25.8964 65.0853 76.9426 12.6 66 23.3494 -23.01 -177.23
25.8964 65.0853 45.3276 12.6 54 73.9386 1.11 127.13
25.8964 65.0853 78.15 12.6 132 16.9464 -15.24 -173.5
25.8964 65.0853 49.391 12.6 36 84.0347 -7.26 119.96
25.8964 65.0853 75.0493 12.6 84 19.5191 -20.71 -174.72
25.8964 65.0853 82.2098 12.6 54 28.6805 -24.64 179.08
25.8964 65.0853 75.65 12.6 84 20.2724 -18.92 -175.6
25.8964 65.0853 40.6214 12.6 96 53.2774 13.76 144.4
25.8964 65.0853 74.5849 12.6 60 23.235 -19.7 -177.79
25.8964 65.0853 37.5159 12.6 48 74.136 1.93 126.55
25.8964 65.0853 50.9064 12.6 66 73.5257 2.28 127.06
25.8964 65.0853 35.4952 12.6 48 74.1156 1.98 126.55
25.8964 65.0853 49.0678 12.6 30 81.6913 -7.29 122.53
25.8964 65.0853 71.5143 12.6 78 24.1377 -20.46 -178.35
25.8964 65.0853 72.5991 12.6 60 23.3643 -18.08 -178.2
25.8964 65.0853 71.5783 12.6 66 25.7854 -26.48 -178.3
25.8964 65.0853 40.042 12.6 36 74.6529 0.51 126.62
25.8964 65.0853 45.7039 12.6 54 74.3245 1.85 126.38
25.8964 65.0853 34.9042 12.6 36 85.5592 -9.59 119.4
25.8964 65.0853 77.7867 12.6 72 24.301 -22.02 -178.16
25.8964 65.0853 47.0911 12.6 54 77.6891 -4.58 125.62
25.8964 65.0853 37.1364 12.6 48 81.7605 -7.28 122.45
25.8964 65.0853 75.2229 12.6 48 23.8817 -19.85 -178.27
25.8964 65.0853 80.071 12.6 42 39.5289 -14.6 167.38
25.8964 65.0853 42.2656 12.6 36 78.9021 0.4 122.03
23.968 55.5052 -84.8344 12.6 48 39.5429 -14.34 167.29
23.968 55.5052 79.3173 12.6 66 39.4423 -15.38 167.69
23.968 55.5052 -87.0026 12.6 66 39.4865 -13.87 167.2
23.968 55.5052 83.5288 12.6 90 39.7312 -15.06 167.34
23.968 55.5052 -68.1694 12.6 54 261.2517 -18.38 -69.15
23.968 55.5052 83.4338 12.6 66 39.69 -14.84 167.31
23.968 55.5052 -76.296 12.6 48 40.0776 -14.35 166.82
23.968 55.5052 77.214 12.6 48 39.5289 -14.6 167.38
23.113 67.024 48.6914 12.6 66 19.4564 -17.97 -175.11
23.113 67.024 44.5399 12.6 38.4 84.0347 -7.26 119.96
23.113 67.024 58.7907 12.6 61.2 19.5191 -20.71 -174.72
23.113 67.024 74.3503 12.6 123.6 23.235 -19.7 -177.79
23.113 67.024 78.3503 12.6 99.6 23.235 -19.7 -177.79
23.113 67.024 12.6162 12.6 85.2 73.827 4.19 125.88
23.113 67.024 47.2254 12.6 81.6 24.1377 -20.46 -178.35
23.113 67.024 9.3346 12.6 60 74.6529 0.51 126.62
23.113 67.024 77.7137 12.6 87.6 24.6426 -20.83 -178.67
23.113 67.024 59.3956 12.6 84 24.301 -22.02 -178.16
23.113 67.024 -2.1676 12.6 64.8 51.2768 -3.69 152.79
23.113 67.024 3.8324 12.6 94.8 51.2768 -3.69 152.79
21.9294 56.0236 -81.3815 12.6 36 39.5946 -14.66 167.34
21.9294 56.0236 -73.4613 12.6 48 39.5289 -14.6 167.38
30.317 59.767 19.7718 12.6 84 72.5979 5.51 126.64
30.317 59.767 15.3609 12.6 54 51.5108 -5.23 153.1
30.317 59.767 33.1126 12.6 84 73.5458 1.69 127.3
30.317 59.767 55.8055 12.6 72 74.1003 0.22 127.35
30.317 59.767 20.8653 12.6 72 57.5363 10.93 140.84
30.317 59.767 20.9681 12.6 36 39.7359 -20.07 168.89
30.317 59.767 12.8263 12.6 42 39.6157 -19.94 168.95
30.317 59.767 14.0965 12.6 60 54.8258 12.52 143.18
30.317 59.767 33.2794 12.6 54 57.6987 -6.15 147.26
30.317 59.767 29.2794 12.6 72 57.6987 -6.15 147.26
30.317 59.767 34.9655 12.6 48 73.4134 1.88 127.36
30.317 59.767 36.3801 12.6 42 73.9191 -6.13 130.38
30.317 59.767 33.6471 12.6 48 77.3881 -6.36 126.76
30.317 59.767 26.3892 12.6 36 38.9751 -20.67 169.72
30.317 59.767 22.4151 12.6 48 58.7022 -7.56 146.8
30.317 59.767 19.0157 12.6 54 51.2336 -4.65 153.17
30.317 59.767 17.0157 12.6 48 51.2336 -4.65 153.17
30.317 59.767 21.4288 12.6 72 50.7505 18.73 145.29
30.317 59.767 33.7273 12.6 48 77.6891 -4.58 125.62
30.317 59.767 12.9168 12.6 54 51.2768 -3.69 152.79
30.317 59.767 12.9168 12.6 66 51.2768 -3.69 152.79
25.859 60.5454 67.9116 12.6 66 17.105 -15.3 -173.62
25.859 60.5454 68.7022 12.6 78 19.4564 -17.97 -175.11
25.859 60.5454 73.5893 12.6 48 23.3243 -23.56 -177.1
25.859 60.5454 80.7108 12.6 60 27.4294 -17.24 178.34
25.859 60.5454 74.494 12.6 48 28.2004 -23.31 179.12
25.859 60.5454 -8.7823 12.6 54 39.8685 -18.31 168.22
25.859 60.5454 29.4611 12.6 84 51.0993 24.4 142.59
25.859 60.5454 5.5674 12.6 60 50.6127 18.51 145.53
25.859 60.5454 1.6788 12.6 66 50.7505 18.73 145.29
25.859 60.5454 -7.5848 12.6 66 51.2768 -3.69 152.79
25.859 60.5454 6.4152 12.6 108 51.2768 -3.69 152.79
25.859 60.5454 -7.5848 12.6 84 51.2768 -3.69 152.79
25.859 60.5454 8.1987 12.6 84 54.8258 12.52 143.18
25.859 60.5454 22.8523 12.6 120 57.6987 -6.15 147.26
25.859 60.5454 41.0407 12.6 36 73.4134 1.88 127.36
25.859 60.5454 35.3465 12.6 54 73.7641 2.19 126.84
25.859 60.5454 15.7024 12.6 54 74.1156 1.98 126.55
25.859 60.5454 29.7266 12.6 48 74.136 1.93 126.55
25.859 60.5454 16.1528 12.6 66 75.0552 6.74 123.38
25.859 60.5454 30.2976 12.6 42 73.9191 -6.13 130.38
25.859 60.5454 40.355 12.6 30 74.6529 0.51 126.62
25.859 60.5454 27.6164 12.6 36 77.3881 -6.36 126.76
25.859 60.5454 19.8596 12.6 66 81.7605 -7.28 122.45
25.859 60.5454 56.0214 12.6 36 84.0347 -7.26 119.96
25.859 60.5454 44.0214 12.6 36 84.0347 -7.26 119.96
25.859 60.5454 28.6873 12.6 42 95.1315 -8.02 108.09
25.859 60.5454 63.2544 12.6 30 95.7416 -7.78 107.3
25.859 60.5454 16.2407 12.6 84 251.2041 -28.4 -63.07
21.7679 61.0227 -9.4366 12.6 72 54.8258 12.52 143.18
21.7679 61.0227 -57.5144 12.6 24 263.9153 -15.04 -70.44
21.7679 61.0227 20.6009 12.6 36 75.0552 6.74 123.38
21.7679 61.0227 10.8143 12.6 42 75.2592 6.53 123.25
21.7679 61.0227 66.4683 12.6 42 17.105 -15.3 -173.62
21.7679 61.0227 2.2924 12.6 66 51.2336 -4.65 153.17
21.7679 61.0227 -3.831 12.6 48 50.7505 18.73 145.29
21.7679 61.0227 71.6047 12.6 36 18.1585 -15.8 -174.4
21.7679 61.0227 65.2145 12.6 18 23.3643 -18.08 -178.2
21.7679 61.0227 -1.9504 12.6 40.8 50.6127 18.51 145.53
21.7679 61.0227 20.1741 12.6 79.2 81.7605 -7.28 122.45
19.5913 67.8234 60.1691 12.6 74.4 19.4564 -17.97 -175.11
19.5913 67.8234 69.7298 12.6 80.4 23.3494 -23.01 -177.23
19.5913 67.8234 29.2833 12.6 57.6 73.9386 1.11 127.13
19.5913 67.8234 31.1262 12.6 32.4 84.0347 -7.26 119.96
19.5913 67.8234 74.5676 12.6 63.6 24.0799 -19.78 -178.44
19.5913 67.8234 54.5676 12.6 81.6 24.0799 -19.78 -178.44
19.5913 67.8234 67.7548 12.6 68.4 23.235 -19.7 -177.79
19.5913 67.8234 9.5098 12.6 88.8 74.1156 1.98 126.55
19.5913 67.8234 25.9793 12.6 27.6 74.6529 0.51 126.62
19.5913 67.8234 41.7159 12.6 37.2 74.3245 1.85 126.38
19.5913 67.8234 62.6881 12.6 91.2 24.301 -22.02 -178.16
19.5913 67.8234 34.7985 12.6 32.4 77.6891 -4.58 125.62
19.5913 67.8234 44.8022 12.6 46.8 81.7605 -7.28 122.45
26.0135 66.609 48.3952 12.6 36 75.1542 -7.06 129.48
26.0135 66.609 72.8556 12.6 78 17.7322 -20.77 -173.34
26.0135 66.609 87.5161 12.6 54 39.4336 -19.96 169.11
26.0135 66.609 48.8299 12.6 30 73.4134 1.88 127.36
26.0135 66.609 71.7282 12.6 66 18.5823 -21.86 -173.82
26.0135 66.609 75.0641 12.6 48 95.7416 -7.78 107.3
26.0135 66.609 50.992 12.6 36 93.7806 -10.2 110.63
26.0135 66.609 66.2496 12.6 60 21.3255 -20.11 -176.22
26.0135 66.609 70.9378 12.6 54 28.2004 -23.31 179.12
26.0135 66.609 71.7673 12.6 42 276.097 -1.27 -77.31
26.0135 66.609 88.3101 12.6 48 27.5158 -23.78 179.76
26.0135 66.609 -89.6899 12.6 66 27.5158 -23.78 179.76
26.0135 66.609 66.3101 12.6 72 27.5158 -23.78 179.76
26.0135 66.609 38.6407 12.6 30 77.3881 -6.36 126.76
26.0135 66.609 78.7316 12.6 66 25.9561 -21.61 -179.53
26.0135 66.609 74.4181 12.6 72 21.4979 -20.19 -176.34
26.0135 66.609 67.263 12.6 60 24.4483 -20.87 -178.51
26.0135 66.609 50.1364 12.6 42 276.5798 1.93 -76.36
26.0135 66.609 79.8093 12.6 54 20.8389 -20.58 -175.76
26.0135 66.609 88.323 12.6 78 23.3494 -23.01 -177.23
26.0135 66.609 39.3426 12.6 42 73.9386 1.11 127.13
26.0135 66.609 39.2768 12.6 30 84.0347 -7.26 119.96
26.0135 66.609 66.5573 12.6 72 19.5191 -20.71 -174.72
26.0135 66.609 77.4512 12.6 72 28.6805 -24.64 179.08
26.0135 66.609 76.9578 12.6 54 30.2213 -25.8 178.21
26.0135 66.609 68.052 12.6 90 23.235 -19.7 -177.79
26.0135 66.609 72.052 12.6 48 23.235 -19.7 -177.79
26.0135 66.609 52.9249 12.6 42 81.6913 -7.29 122.53
26.0135 66.609 89.1093 12.6 66 20.1741 -19.3 -175.46
26.0135 66.609 76.9482 12.6 66 24.1377 -20.46 -178.35
26.0135 66.609 66.1022 12.6 72 23.3643 -18.08 -178.2
26.0135 66.609 56.0477 12.6 48 74.6529 0.51 126.62
26.0135 66.609 41.7443 12.6 24 74.3245 1.85 126.38
26.0135 66.609 30.8917 12.6 54 256.7299 -31.75 -71.63
26.0135 66.609 34.7381 12.6 42 85.5592 -9.59 119.4
26.0135 66.609 83.1773 12.6 72 24.301 -22.02 -178.16
26.0135 66.609 60.4081 12.6 78 89.2738 -11.47 116.23
26.0135 66.609 52.9945 12.6 48 81.7605 -7.28 122.45
26.0135 66.609 82.676 12.6 72 23.8817 -19.85 -178.27
26.0135 66.609 66.676 12.6 72 23.8817 -19.85 -178.27
26.0135 66.609 84.676 12.6 78 23.8817 -19.85 -178.27
26.0135 66.609 69.1515 12.6 54 93.7483 -4.92 108.16
26.0135 66.609 -74.5006 12.6 36 39.5289 -14.6 167.38
26.0135 66.609 67.4994 12.6 78 39.5289 -14.6 167.38
15.814 61.42 86.5741 12.6 48 39.7563 -15.1 167.33
15.814 61.42 -86.183 12.6 50.4 52.8598 -5.39 151.82
15.814 61.42 85.7346 12.6 84 50.7529 -7.23 154.55
25.8169 71.1111 8.9867 12.6 48 52.8598 -5.39 151.82
25.8169 71.1111 4.7681 12.6 58.8 50.7529 -7.23 154.55
25.8169 71.1111 7.404 12.6 75.6 74.3245 1.85 126.38
29.0668 70.5034 26.8953 12.6 42 51.2768 -3.69 152.79
25.4769 70.3191 12.3125 12.6 66 50.2103 -3.92 153.93
25.4769 70.3191 -5.8664 12.6 72 44.3292 -11.45 162.07
25.4769 70.3191 18.8433 12.6 60 52.8598 -5.39 151.82
25.4769 70.3191 4.8071 12.6 48 52.811 -5.2 151.8
25.4769 70.3191 14.6467 12.6 66 50.7529 -7.23 154.55
25.4769 70.3191 7.3817 12.6 66 51.2768 -3.69 152.79
25.4769 70.3191 -2.6359 12.6 36 39.5289 -14.6 167.38
25.4769 70.3191 9.3309 12.6 54 51.2934 -4.79 153.16
31.0994 70.3712 32.4057 12.6 42 74.3245 1.85 126.38
20.9731 70.0378 30.5654 12.6 82.8 73.827 4.19 125.88
20.9731 70.0378 47.5388 12.6 54 24.1377 -20.46 -178.35
20.9731 70.0378 24.866 12.6 76.8 74.3245 1.85 126.38
20.9731 70.0378 33.7413 12.6 66 73.0574 3.86 126.87
20.9731 70.0378 33.3729 12.6 93.6 85.5592 -9.59 119.4
20.7599 70.1343 61.236 12.6 63.6 24.0799 -19.78 -178.44
20.7599 70.1343 24.4717 12.6 81.6 74.136 1.93 126.55
20.7599 70.1343 27.3817 12.6 70.8 81.6913 -7.29 122.53
23.3737 70.1272 8.5724 12.6 69.6 50.7529 -7.23 154.55
22.0623 69.7642 46.9024 12.6 68.4 24.0799 -19.78 -178.44
22.0623 69.7642 20.7742 12.6 87.6 73.0574 3.86 126.87
30.0391 69.4536 -4.3599 12.6 84 38.5341 -21.5 170.35
30.0391 69.4536 -9.883 12.6 58.8 30.2213 -25.8 178.21
30.0391 69.4536 20.6481 12.6 70.8 51.8876 -4.76 152.56
30.0391 69.4536 11.5778 12.6 55.2 52.8598 -5.39 151.82
30.0391 69.4536 13.5363 12.6 57.6 52.811 -5.2 151.8
30.0391 69.4536 25.4683 12.6 61.2 50.7529 -7.23 154.55
18.9144 68.9731 56.3746 12.6 96 23.231 -23.01 -177.14
18.9144 68.9731 19.9619 12.6 42 75.688 -3.8 127.43
18.9144 68.9731 50.5785 12.6 66 26.1447 -30.12 -177.67
18.9144 68.9731 7.8594 12.6 84 81.6913 -7.29 122.53
18.9144 68.9731 25.9569 12.6 30 77.6891 -4.58 125.62
18.8368 68.3491 51.0556 12.6 84 19.5191 -20.71 -174.72
18.8368 68.3491 47.4772 12.6 78 24.0799 -19.78 -178.44
18.8368 68.3491 45.4772 12.6 96 24.0799 -19.78 -178.44
18.8368 68.3491 42.6689 12.6 78 23.235 -19.7 -177.79
18.8368 68.3491 42.6689 12.6 96 23.235 -19.7 -177.79
18.8368 68.3491 42.6689 12.6 90 23.235 -19.7 -177.79
18.8368 68.3491 47.496 12.6 90 24.1377 -20.46 -178.35
18.8368 68.3491 56.8762 12.6 78 23.3643 -18.08 -178.2
18.8368 68.3491 28.969 12.6 36 74.3245 1.85 126.38
18.8368 68.3491 33.9854 12.6 48 81.7605 -7.28 122.45
18.8368 68.3491 49.2828 12.6 84 23.8817 -19.85 -178.27
18.8368 68.3491 45.2828 12.6 96 23.8817 -19.85 -178.27
21.6242 67.6962 76.6771 12.6 60 19.4564 -17.97 -175.11
18.3647 67.4746 56.754 12.6 60 19.4564 -17.97 -175.11
21.0775 67.1517 65.6038 12.6 30 276.5798 1.93 -76.36
21.0775 67.1517 62.2467 12.6 30 277.1788 1.13 -77.39
17.7264 66.9529 53.6509 12.6 48 23.3494 -23.01 -177.23
23.5642 66.7393 43.5491 12.6 54 74.6117 -6.53 129.82
23.5642 66.7393 62.5229 12.6 48 277.1788 1.13 -77.39
22.1788 66.5654 63.3772 12.6 49.2 23.235 -19.7 -177.79
22.1788 66.5654 63.3772 12.6 84 23.235 -19.7 -177.79
22.1788 66.5654 79.3772 12.6 69.6 23.235 -19.7 -177.79
22.1788 66.5654 29.4952 12.6 62.4 75.4922 6.14 123.17
22.1788 66.5654 58.2575 12.6 74.4 24.1377 -20.46 -178.35
22.1788 66.5654 59.4944 12.6 74.4 23.3643 -18.08 -178.2
22.1788 66.5654 55.8769 12.6 100.8 25.7854 -26.48 -178.3
22.1788 66.5654 46.5077 12.6 30 74.6529 0.51 126.62
22.1788 66.5654 22.21 12.6 37.2 74.3245 1.85 126.38
19.6862 66.4298 59.16 12.6 84 24.0799 -19.78 -178.44
19.6862 66.4298 65.16 12.6 54 24.0799 -19.78 -178.44
19.6862 66.4298 69.3338 12.6 90 20.1741 -19.3 -175.46
19.6862 66.4298 70.6602 12.6 84 25.7854 -26.48 -178.3
25.0304 66.0406 61.097 12.6 74.4 23.235 -19.7 -177.79
25.0304 66.0406 53.097 12.6 67.2 23.235 -19.7 -177.79
25.0304 66.0406 70.2307 12.6 56.4 24.301 -22.02 -178.16
25.0304 66.0406 44.1847 12.6 63.6 81.7605 -7.28 122.45
25.0304 66.0406 1.9931 12.6 42 51.2768 -3.69 152.79
25.0304 66.0406 9.9931 12.6 38.4 51.2768 -3.69 152.79
20.3008 65.9262 67.2768 12.6 69.6 23.235 -19.7 -177.79
20.3008 65.9262 62.1609 12.6 110.4 24.1377 -20.46 -178.35
20.3008 65.9262 63.4174 12.6 69.6 23.3643 -18.08 -178.2
20.3008 65.9262 66.2602 12.6 60 18.1382 -18.03 -174.06
20.3008 65.9262 -70.2167 12.6 51.6 257.0356 -30.82 -71.39
20.3008 65.9262 54.3077 12.6 94.8 24.301 -22.02 -178.16
20.9542 65.7356 60.4325 12.6 72 19.4564 -17.97 -175.11
20.9542 65.7356 62.1658 12.6 60 23.235 -19.7 -177.79
15.8965 65.4823 70.1282 12.6 72 19.4564 -17.97 -175.11
15.8965 65.4823 76.6831 12.6 102 24.0799 -19.78 -178.44
15.8965 65.4823 82.6831 12.6 60 24.0799 -19.78 -178.44
15.8965 65.4823 58.7732 12.6 72 20.1741 -19.3 -175.46
15.8965 65.4823 60.0592 12.6 54 23.3643 -18.08 -178.2
15.8965 65.4823 74.7995 12.6 84 18.1382 -18.03 -174.06
15.8965 65.4823 78.6267 12.6 66 39.5289 -14.6 167.38
27.5106 65.4469 24.9516 12.6 37.2 74.1156 1.98 126.55
27.5106 65.4469 61.4884 12.6 54 18.2726 -18.07 -174.16
27.5106 65.4469 17.4922 12.6 52.8 74.6529 0.51 126.62
27.5106 65.4469 15.16 12.6 63.6 74.3245 1.85 126.38
19.8452 65.2879 60.9331 12.6 60 23.235 -19.7 -177.79
19.8452 65.2879 55.8845 12.6 76.8 20.1741 -19.3 -175.46
19.8452 65.2879 71.8285 12.6 86.4 24.1377 -20.46 -178.35
19.8452 65.2879 75.4295 12.6 61.2 25.7854 -26.48 -178.3
19.8452 65.2879 79.9958 12.6 81.6 18.2726 -18.07 -174.16
19.8452 65.2879 85.3856 12.6 66 39.69 -14.84 167.31
21.4977 65.0923 79.0955 12.6 43.2 23.235 -19.7 -177.79
21.4977 65.0923 68.0506 12.6 79.2 20.1741 -19.3 -175.46
21.4977 65.0923 67.7567 12.6 67.2 25.7854 -26.48 -178.3
21.4977 65.0923 70.1953 12.6 58.8 24.301 -22.02 -178.16
18.501 64.9911 -62.443 12.6 36 258.8631 -26.11 -70.65
13.5813 64.9876 45.2646 12.6 54 19.4564 -17.97 -175.11
13.5813 64.9876 53.8356 12.6 66 24.0799 -19.78 -178.44
13.5813 64.9876 67.4732 12.6 36 39.0385 -17 168.53
24.5172 64.4402 80.3709 12.6 64.8 24.301 -22.02 -178.16
16.8178 64.2467 58.2674 12.6 36 24.0799 -19.78 -178.44
19.0003 64.1291 -86.2263 12.6 51.6 52.504 -5.52 152.22
19.0003 64.1291 69.776 12.6 44.4 16.8186 -15.14 -173.41
19.0003 64.1291 -12.3087 12.6 36 50.6127 18.51 145.53
10.2317 63.9665 51.0545 12.6 48 19.4564 -17.97 -175.11
10.2317 63.9665 30.4438 12.6 72 23.3494 -23.01 -177.23
10.2317 63.9665 50.7878 12.6 54 16.9464 -15.24 -173.5
10.2317 63.9665 39.8712 12.6 60 28.6805 -24.64 179.08
10.2317 63.9665 55.9759 12.6 54 18.1585 -15.8 -174.4
10.2317 63.9665 65.663 12.6 78 24.0799 -19.78 -178.44
23.0079 63.8265 -67.7659 12.6 94.8 252.3371 -32.72 -67.06
23.0079 63.8265 80.865 12.6 94.8 16.8186 -15.14 -173.41
19.3658 63.5492 73.0865 12.6 54 19.4564 -17.97 -175.11
19.3658 63.5492 -48.0055 12.6 36 266.9366 -14.59 -73.58
19.3658 63.5492 72.0868 12.6 48 24.301 -22.02 -178.16
18.0945 63.4896 80.2451 12.6 80.4 18.263 -16.45 -174.39
18.0945 63.4896 -61.4107 12.6 48 258.8631 -26.11 -70.65
16.3224 63.114 -50.1778 12.6 48 277.1788 1.13 -77.39
16.3224 63.114 43.2399 12.6 42 19.4564 -17.97 -175.11
16.3224 63.114 64.5084 12.6 60 18.6674 -15.19 -174.9
16.3224 63.114 88.1376 12.6 42 39.5289 -14.6 167.38
11.6437 63.0441 17.7156 12.6 78 53.2774 13.76 144.4
22.4878 62.9381 71.2963 12.6 43.2 23.3643 -18.08 -178.2
22.4878 62.9381 -62.3063 12.6 54 256.7299 -31.75 -71.63
18.1489 62.7504 21.2345 12.6 28.8 74.6529 0.51 126.62
18.1489 62.7504 52.5601 12.6 28.8 81.7605 -7.28 122.45
14.9213 62.4494 -19.9714 12.6 102 276.5798 1.93 -76.36
14.9213 62.4494 -30.5951 12.6 60 266.3106 -10.55 -70.9
17.3793 61.693 87.6165 12.6 79.2 39.0385 -17 168.53
17.3793 61.693 84.6085 12.6 70.8 40.0248 -16.07 167.39
25.0399 61.0537 24.9746 12.6 50.4 74.136 1.93 126.55
25.0399 61.0537 40.9508 12.6 63.6 74.1156 1.98 126.55
25.0399 61.0537 40.4883 12.6 57.6 73.827 4.19 125.88
25.0399 61.0537 66.523 12.6 58.8 24.1377 -20.46 -178.35
25.0399 61.0537 29.5904 12.6 48 74.6529 0.51 126.62
25.0399 61.0537 25.1625 12.6 55.2 74.3245 1.85 126.38
25.0399 61.0537 19.7754 12.6 49.2 73.0574 3.86 126.87
25.0399 61.0537 66.3545 12.6 80.4 16.8186 -15.14 -173.41
25.0399 61.0537 29.7412 12.6 64.8 73.0523 4.21 126.72
25.0399 61.0537 57.7029 12.6 62.4 97.1569 -5.09 104.47
25.0399 61.0537 56.9158 12.6 68.4 24.301 -22.02 -178.16
25.0399 61.0537 16.9309 12.6 66 77.6891 -4.58 125.62
25.0399 61.0537 41.0542 12.6 49.2 81.7605 -7.28 122.45
25.0399 61.0537 22.8274 12.6 70.8 72.3097 6.58 126.48
15.7698 61.0535 79.8325 12.6 56.4 50.7529 -7.23 154.55
15.7698 61.0535 -69.7737 12.6 68.4 51.2768 -3.69 152.79
22.4439 60.4158 77.2369 12.6 43.2 16.8186 -15.14 -173.41
22.4439 60.4158 71.805 12.6 33.6 24.301 -22.02 -178.16
18.5067 67.3801 53.4825 12.6 66 24.301 -22.02 -178.16
26.5261 67.4421 75.7249 12.6 60 24.6836 -20.84 -178.7
26.5261 67.4421 68.9587 12.6 42 23.9096 -19.86 -178.29
26.5261 67.4421 72.849 12.6 30 21.614 -21.19 -176.25
26.5261 67.4421 42.3121 12.6 60 356.1579 19.88 -155.93
26.5261 67.4421 58.1037 12.6 72 25.1359 -19.51 -179.33
26.5261 67.4421 38.4378 12.6 60 276.1405 -2.31 -77.84
26.5261 67.4421 63.1731 12.6 48 17.7322 -20.77 -173.34
26.5261 67.4421 49.5887 12.6 42 73.9991 -5.92 130.2
26.5261 67.4421 29.2668 12.6 30 73.4134 1.88 127.36
26.5261 67.4421 62.0284 12.6 60 18.5823 -21.86 -173.82
26.5261 67.4421 85.3787 12.6 54 19.9567 -23.05 -174.66
26.5261 67.4421 73.3287 12.6 30 208.2563 -60.2 -26.86
26.5261 67.4421 86.852 12.6 60 27.676 -29.35 -178.96
26.5261 67.4421 47.4809 12.6 36 95.7416 -7.78 107.3
26.5261 67.4421 41.5011 12.6 30 73.9191 -6.13 130.38
26.5261 67.4421 32.8467 12.6 54 95.1315 -8.02 108.09
26.5261 67.4421 42.4249 12.6 48 76.4584 4.08 123.04
26.5261 67.4421 21.8583 12.6 36 73.9777 2.52 126.46
26.5261 67.4421 78.3558 12.6 48 19.0898 -18.68 -174.71
26.5261 67.4421 76.3558 12.6 60 19.0898 -18.68 -174.71
26.5261 67.4421 86.6966 12.6 54 21.4979 -20.19 -176.34
26.5261 67.4421 67.4028 12.6 48 24.3291 -21.15 -178.36
26.5261 67.4421 33.6313 12.6 30 73.7641 2.19 126.84
26.5261 67.4421 56.6549 12.6 36 276.5798 1.93 -76.36
26.5261 67.4421 51.3121 12.6 36 277.1788 1.13 -77.39
26.5261 67.4421 66.0922 12.6 60 20.8389 -20.58 -175.76
26.5261 67.4421 66.5574 12.6 48 23.3494 -23.01 -177.23
26.5261 67.4421 29.6301 12.6 42 84.0347 -7.26 119.96
26.5261 67.4421 68.8544 12.6 54 19.5191 -20.71 -174.72
26.5261 67.4421 69.6087 12.6 42 28.6805 -24.64 179.08
26.5261 67.4421 71.1164 12.6 42 24.0799 -19.78 -178.44
26.5261 67.4421 56.3159 12.6 60 23.235 -19.7 -177.79
26.5261 67.4421 66.3159 12.6 42 23.235 -19.7 -177.79
26.5261 67.4421 23.9981 12.6 30 74.136 1.93 126.55
26.5261 67.4421 57.2644 12.6 42 81.6913 -7.29 122.53
26.5261 67.4421 69.1964 12.6 48 24.1377 -20.46 -178.35
26.5261 67.4421 32.4708 12.6 36 74.6529 0.51 126.62
26.5261 67.4421 44.9795 12.6 72 73.0523 4.21 126.72
26.5261 67.4421 69.6859 12.6 42 24.6426 -20.83 -178.67
26.5261 67.4421 83.41 12.6 48 24.301 -22.02 -178.16
26.5261 67.4421 61.5555 12.6 54 210.273 -56.2 -26.89
26.5261 67.4421 64.932 12.6 48 23.8817 -19.85 -178.27
21.6055 65.508 75.4183 12.6 84 19.5191 -20.71 -174.72
21.6055 65.508 70.4971 12.6 76.8 28.6805 -24.64 179.08
21.6055 65.508 56.0031 12.6 96 18.1585 -15.8 -174.4
21.6055 65.508 65.0687 12.6 69.6 23.235 -19.7 -177.79
21.6055 65.508 73.969 12.6 81.6 24.1377 -20.46 -178.35
21.6055 65.508 61.1754 12.6 79.2 23.3643 -18.08 -178.2
21.6055 65.508 79.6769 12.6 88.8 25.7854 -26.48 -178.3
8.304 60.68 -19.2543 12.6 43.2 51.0993 24.4 142.59
8.304 60.68 -11.4155 12.6 58.8 51.2768 -3.69 152.79
22.2905 57.6287 -80.7852 12.6 72 39.7359 -20.07 168.89
22.2905 57.6287 -87.1169 12.6 60 39.4336 -19.96 169.11
22.2905 57.6287 -53.7991 12.6 30 73.4134 1.88 127.36
22.2905 57.6287 -63.3664 12.6 66 72.2334 5.15 127.2
22.2905 57.6287 87.9372 12.6 66 39.5155 -14.46 167.35
22.2905 57.6287 -77.9598 12.6 72 51.2336 -4.65 153.17
22.2905 57.6287 -77.0715 12.6 84 40.0486 -16.98 167.65
22.2905 57.6287 -86.0555 12.6 60 39.5429 -14.34 167.29
22.2905 57.6287 -67.4136 12.6 36 50.7505 18.73 145.29
22.2905 57.6287 -81.9777 12.6 66 39.4423 -15.38 167.69
22.2905 57.6287 -77.7399 12.6 102 39.7312 -15.06 167.34
22.2905 57.6287 -75.7074 12.6 78 39.7563 -15.1 167.33
22.2905 57.6287 -76.0972 12.6 72 39.0385 -17 168.53
22.2905 57.6287 83.5934 12.6 60 23.3643 -18.08 -178.2
22.2905 57.6287 -83.82 12.6 78 39.69 -14.84 167.31
22.2905 57.6287 79.9634 12.6 36 297.6717 15.88 -93.46
22.2905 57.6287 -83.2623 12.6 66 40.0248 -16.07 167.39
22.2905 57.6287 84.7135 12.6 54 39.9975 -16.09 167.42
22.2905 57.6287 -82.0252 12.6 66 39.5289 -14.6 167.38
22.2905 57.6287 -81.8812 12.6 54 51.2934 -4.79 153.16
17.258 63.247 -48.1092 12.6 40.8 84.0347 -7.26 119.96
17.258 63.247 -62.4991 12.6 62.4 75.688 -3.8 127.43
17.258 63.247 -52.1926 12.6 45.6 74.136 1.93 126.55
17.258 63.247 -59.6428 12.6 54 74.6529 0.51 126.62
17.258 63.247 -64.488 12.6 78 77.6891 -4.58 125.62
17.258 63.247 -56.488 12.6 73.2 77.6891 -4.58 125.62
17.258 63.247 -73.8751 12.6 70.8 50.6127 18.51 145.53
17.258 63.247 -74.3642 12.6 91.2 81.7605 -7.28 122.45
17.258 63.247 -66.3642 12.6 79.2 81.7605 -7.28 122.45
5.702 58.935 -40.1325 12.6 116.4 210.2762 -56.42 -27.06
5.702 58.935 -10.9831 12.6 55.2 39.69 -14.84 167.31
5.702 58.935 -21.6118 12.6 56.4 51.2768 -3.69 152.79
5.702 58.935 -11.6118 12.6 94.8 51.2768 -3.69 152.79
15.242 67.93 31.0765 12.6 74.4 73.7641 2.19 126.84
15.242 67.93 29.0242 12.6 57.6 84.0347 -7.26 119.96
15.242 67.93 39.4235 12.6 75.6 74.1156 1.98 126.55
15.242 67.93 35.6294 12.6 80.4 74.3245 1.85 126.38
15.242 67.93 42.6652 12.6 88.8 77.6891 -4.58 125.62
15.242 67.93 36.6798 12.6 64.8 81.7605 -7.28 122.45
15.242 67.93 38.6798 12.6 79.2 81.7605 -7.28 122.45
11.1825 59.0345 46.4398 12.6 38.4 261.6246 -20.27 -70.56
26.1506 62.7191 38.6251 12.6 42 72.9192 2.87 127.46
26.1506 62.7191 43.2135 12.6 54 73.5751 3.8 126.33
26.1506 62.7191 57.3437 12.6 48 75.1542 -7.06 129.48
26.1506 62.7191 47.1607 12.6 42 73.4134 1.88 127.36
26.1506 62.7191 42.4999 12.6 54 75.0552 6.74 123.38
26.1506 62.7191 33.8699 12.6 42 72.1536 3.04 128.22
26.1506 62.7191 38.7107 12.6 48 75.2592 6.53 123.25
26.1506 62.7191 46.0125 12.6 42 76.4584 4.08 123.04
26.1506 62.7191 37.6756 12.6 42 73.9777 2.52 126.46
26.1506 62.7191 69.4429 12.6 48 17.105 -15.3 -173.62
26.1506 62.7191 34.4429 12.6 48 68.2575 -3.18 135.11
26.1506 62.7191 64.0822 12.6 30 19.4564 -17.97 -175.11
26.1506 62.7191 59.2776 12.6 54 16.9464 -15.24 -173.5
26.1506 62.7191 43.8619 12.6 42 74.136 1.93 126.55
26.1506 62.7191 39.9427 12.6 48 74.2145 1.85 126.5
26.1506 62.7191 27.2483 12.6 36 73.5257 2.28 127.06
26.1506 62.7191 27.8393 12.6 48 74.1156 1.98 126.55
26.1506 62.7191 40.4421 12.6 42 74.6529 0.51 126.62
26.1506 62.7191 38.0499 12.6 42 74.3245 1.85 126.38
19.575 64.494 85.0682 12.6 49.2 19.4564 -17.97 -175.11
19.575 64.494 75.7921 12.6 58.8 20.1741 -19.3 -175.46
19.575 64.494 14.2144 12.6 69.6 50.6127 18.51 145.53
10.4345 63.4197 -78.4961 12.6 43.2 74.1156 1.98 126.55
11.625 58.032 -60.0826 12.6 110.4 19.4564 -17.97 -175.11
11.625 58.032 -28.6107 12.6 67.2 50.7505 18.73 145.29
11.625 58.032 -78.0533 12.6 64.8 81.7605 -7.28 122.45
24.33 66.08 33.1778 12.6 54 77.3881 -6.36 126.76
24.33 66.08 67.3315 12.6 48 24.3291 -21.15 -178.36
24.33 66.08 56.4945 12.6 72 19.4564 -17.97 -175.11
24.33 66.08 81.9367 12.6 114 20.8389 -20.58 -175.76
24.33 66.08 55.8118 12.6 42 84.0347 -7.26 119.96
24.33 66.08 60.6654 12.6 60 19.5191 -20.71 -174.72
24.33 66.08 63.6511 12.6 72 28.6805 -24.64 179.08
24.33 66.08 61.0407 12.6 36 24.0799 -19.78 -178.44
24.33 66.08 59.0407 12.6 66 24.0799 -19.78 -178.44
24.33 66.08 73.0407 12.6 54 24.0799 -19.78 -178.44
24.33 66.08 34.2211 12.6 48 74.3245 1.85 126.38
24.33 66.08 57.3372 12.6 54 24.301 -22.02 -178.16
24.33 66.08 39.5045 12.6 48 77.6891 -4.58 125.62
24.33 66.08 29.5342 12.6 60 81.7605 -7.28 122.45
24.33 66.08 27.5342 12.6 66 81.7605 -7.28 122.45
24.33 66.08 -80.1116 12.6 78 39.5289 -14.6 167.38
18.9077 69.6345 12.5866 12.6 120 76.6137 -6.11 127.48
18.9077 69.6345 35.911 12.6 72 73.9991 -5.92 130.2
18.9077 69.6345 25.2409 12.6 108 57.6987 -6.15 147.26
18.9077 69.6345 26.0033 12.6 72 73.4134 1.88 127.36
18.9077 69.6345 15.183 12.6 84 78.4857 1.27 122.09
18.9077 69.6345 15.6541 12.6 88.8 79.7025 -7.4 124.74
18.9077 69.6345 15.0711 12.6 72 72.2334 5.15 127.2
18.9077 69.6345 11.7157 12.6 108 72.8409 5.36 126.44
18.9077 69.6345 29.6046 12.6 76.8 75.0373 1.05 125.96
18.9077 69.6345 19.4169 12.6 86.4 85.4312 -9.13 119.32
18.9077 69.6345 17.4169 12.6 76.8 85.4312 -9.13 119.32
18.9077 69.6345 22.9302 12.6 74.4 76.4288 -0.19 125
18.9077 69.6345 78.6167 12.6 38.4 209.4336 -57.37 -26.45
18.9077 69.6345 55.5717 12.6 67.2 95.1315 -8.02 108.09
18.9077 69.6345 52.814 12.6 64.8 28.2004 -23.31 179.12
18.9077 69.6345 15.9936 12.6 62.4 54.4699 -5.97 150.43
18.9077 69.6345 24.8062 12.6 84 72.1536 3.04 128.22
18.9077 69.6345 14.3143 12.6 87.6 75.2592 6.53 123.25
18.9077 69.6345 15.3377 12.6 67.2 76.4584 4.08 123.04
18.9077 69.6345 28.641 12.6 78 73.9777 2.52 126.46
18.9077 69.6345 24.8336 12.6 51.6 76.9422 -7.1 127.58
18.9077 69.6345 63.4639 12.6 63.6 24.4232 -20.33 -178.6
18.9077 69.6345 68.1286 12.6 70.8 27.5158 -23.78 179.76
18.9077 69.6345 39.362 12.6 60 77.3881 -6.36 126.76
18.9077 69.6345 85.2869 12.6 36 210.1284 -56.45 -26.85
18.9077 69.6345 52.8174 12.6 74.4 17.105 -15.3 -173.62
18.9077 69.6345 60.7103 12.6 100.8 21.4979 -20.19 -176.34
18.9077 69.6345 22.3919 12.6 84 73.7641 2.19 126.84
18.9077 69.6345 20.4773 12.6 76.8 73.9386 1.11 127.13
18.9077 69.6345 30.1458 12.6 73.2 84.0347 -7.26 119.96
18.9077 69.6345 48.8174 12.6 90 19.5191 -20.71 -174.72
18.9077 69.6345 23.5184 12.6 67.2 72.621 5.7 126.53
18.9077 69.6345 55.1757 12.6 73.2 24.0799 -19.78 -178.44
18.9077 69.6345 59.1757 12.6 82.8 24.0799 -19.78 -178.44
18.9077 69.6345 24.7526 12.6 72 74.136 1.93 126.55
18.9077 69.6345 22.7359 12.6 70.8 74.1156 1.98 126.55
18.9077 69.6345 25.7193 12.6 79.2 81.6913 -7.29 122.53
18.9077 69.6345 30.7593 12.6 73.2 66.5536 -0.35 135.72
18.9077 69.6345 26.6313 12.6 69.6 73.827 4.19 125.88
18.9077 69.6345 49.1851 12.6 79.2 24.1377 -20.46 -178.35
18.9077 69.6345 33.1607 12.6 76.8 74.6529 0.51 126.62
18.9077 69.6345 20.94 12.6 82.8 74.3245 1.85 126.38
18.9077 69.6345 57.6372 12.6 58.8 24.6426 -20.83 -178.67
18.9077 69.6345 23.8358 12.6 76.8 77.6891 -4.58 125.62
18.9077 69.6345 45.1459 12.6 51.6 74.572 1.29 126.36
18.9077 69.6345 19.7918 12.6 55.2 81.7605 -7.28 122.45
13.607 60.09 -0.949 12.6 28.8 50.7505 18.73 145.29
13.607 60.09 80.2271 12.6 24 39.4423 -15.38 167.69
13.607 60.09 -30.6584 12.6 33.6 24.0799 -19.78 -178.44
13.607 60.09 -7.0784 12.6 48 50.6127 18.51 145.53
13.607 60.09 9.5134 12.6 48 51.4235 24.99 141.96
13.607 60.09 41.1286 12.6 34.8 81.7605 -7.28 122.45
20.6779 63.8829 83.3097 12.6 96 18.1585 -15.8 -174.4
20.6779 63.8829 -46.751 12.6 42 266.9366 -14.59 -73.58
20.6779 63.8829 -69.3028 12.6 62.4 256.7299 -31.75 -71.63
20.6779 63.8829 53.9408 12.6 46.8 16.8186 -15.14 -173.41
17.627 59.858 -50.4196 12.6 40.8 266.9366 -14.59 -73.58
29.76 70.08 -2.3588 12.6 52.8 51.2934 -4.79 153.16
22.6715 63.0422 -49.3304 12.6 45.6 270.5946 -7.93 -74.38
22.6715 63.0422 -47.6494 12.6 48 276.1405 -2.31 -77.84
22.6715 63.0422 29.4939 12.6 31.2 76.6137 -6.11 127.48
22.6715 63.0422 5.297 12.6 40.8 54.8258 12.52 143.18
22.6715 63.0422 22.107 12.6 25.2 75.1542 -7.06 129.48
22.6715 63.0422 -33.512 12.6 44.4 264.6601 -15.99 -71.75
22.6715 63.0422 18.926 12.6 31.2 73.9991 -5.92 130.2
22.6715 63.0422 -47.1957 12.6 52.8 270.7198 -7.64 -74.38
22.6715 63.0422 -42.2058 12.6 40.8 263.9153 -15.04 -70.44
22.6715 63.0422 -72.4122 12.6 84 263.7093 -15.12 -70.25
22.6715 63.0422 13.4242 12.6 46.8 75.0552 6.74 123.38
22.6715 63.0422 68.4704 12.6 50.4 16.6044 -15.27 -173.22
22.6715 63.0422 -39.7039 12.6 67.2 258.6568 -22.15 -68.2
22.6715 63.0422 22.9129 12.6 34.8 76.4584 4.08 123.04
22.6715 63.0422 -50.0101 12.6 48 262.1737 -17.08 -69.52
22.6715 63.0422 -55.0614 12.6 34.8 270.8558 -7.64 -74.53
22.6715 63.0422 8.2627 12.6 38.4 77.3881 -6.36 126.76
22.6715 63.0422 -79.0604 12.6 49.2 259.0002 -15.36 -65.09
22.6715 63.0422 77.1888 12.6 43.2 19.0898 -18.68 -174.71
22.6715 63.0422 21.5239 12.6 48 75.05 4.23 124.52
22.6715 63.0422 73.5185 12.6 57.6 19.4564 -17.97 -175.11
22.6715 63.0422 9.0226 12.6 33.6 50.7505 18.73 145.29
22.6715 63.0422 68.0773 12.6 48 18.1585 -15.8 -174.4
22.6715 63.0422 81.4842 12.6 50.4 23.3643 -18.08 -178.2
22.6715 63.0422 -87.3065 12.6 57.6 24.301 -22.02 -178.16
22.6715 63.0422 -5.1037 12.6 42 50.6127 18.51 145.53
18.2492 64.4968 -81.313 12.6 91.2 38.5341 -21.5 170.35
18.2492 64.4968 -85.313 12.6 56.4 38.5341 -21.5 170.35
18.2492 64.4968 88.0307 12.6 54 24.0799 -19.78 -178.44
18.2492 64.4968 88.0307 12.6 50.4 24.0799 -19.78 -178.44
18.2492 64.4968 9.1257 12.6 51.6 50.7529 -7.23 154.55
18.2492 64.4968 46.0771 12.6 62.4 20.1741 -19.3 -175.46
18.2492 64.4968 67.195 12.6 100.8 23.3243 -23.56 -177.1
12.0727 58.4921 -26.795 12.6 54 39.5429 -14.34 167.29
12.0727 58.4921 -18.2401 12.6 68.4 50.7505 18.73 145.29
12.0727 58.4921 -20.1358 12.6 88.8 51.0993 24.4 142.59
12.0727 58.4921 -18.2054 12.6 56.4 40.0776 -14.35 166.82
12.0727 58.4921 -16.4626 12.6 70.8 210.273 -56.2 -26.89
12.0727 58.4921 -10.3669 12.6 90 50.6127 18.51 145.53
12.0727 58.4921 -13.8466 12.6 85.2 51.4235 24.99 141.96
16.6992 58.5017 72.3512 12.6 50.4 24.0799 -19.78 -178.44
16.6992 58.5017 -88.1394 12.6 55.2 50.7529 -7.23 154.55
16.6992 58.5017 79.0705 12.6 36 39.69 -14.84 167.31
16.6992 58.5017 87.6292 12.6 43.2 40.2776 -14.11 166.57
16.6992 58.5017 73.5125 12.6 45.6 39.9975 -16.09 167.42
16.6992 58.5017 70.8778 12.6 50.4 39.5289 -14.6 167.38
27.555 60.5388 47.323 12.6 84 356.1579 19.88 -155.93
27.555 60.5388 11.1823 12.6 18 39.6157 -19.94 168.95
27.555 60.5388 11.6859 12.6 54 54.8258 12.52 143.18
27.555 60.5388 22.5271 12.6 48 73.4134 1.88 127.36
27.555 60.5388 1.9107 12.6 84 38.5302 -18.66 169.47
27.555 60.5388 26.5668 12.6 54 57.8948 -5.5 146.81
27.555 60.5388 22.1231 12.6 60 51.2336 -4.65 153.17
27.555 60.5388 88.3965 12.6 30 24.3291 -21.15 -178.36
27.555 60.5388 38.1372 12.6 42 68.2575 -3.18 135.11
27.555 60.5388 4.427 12.6 60 38.5341 -21.5 170.35
27.555 60.5388 -14.5457 12.6 42 28.6805 -24.64 179.08
27.555 60.5388 3.0249 12.6 78 23.235 -19.7 -177.79
27.555 60.5388 18.1232 12.6 78 39.0385 -17 168.53
27.555 60.5388 72.8675 12.6 42 23.3643 -18.08 -178.2
27.555 60.5388 84.4786 12.6 48 297.6717 15.88 -93.46
27.555 60.5388 18.1969 12.6 48 51.2934 -4.79 153.16
16.013 64.4314 51.1604 12.6 70.8 24.0799 -19.78 -178.44
29.609 67.748 -88.9616 12.6 60 28.4645 -25.77 179.53
29.609 67.748 19.0262 12.6 66 76.6137 -6.11 127.48
29.609 67.748 31.5278 12.6 78 75.1542 -7.06 129.48
29.609 67.748 72.8202 12.6 60 17.7322 -20.77 -173.34
29.609 67.748 22.3063 12.6 60 57.6987 -6.15 147.26
29.609 67.748 16.3063 12.6 84 57.6987 -6.15 147.26
29.609 67.748 22.1136 12.6 48 73.4134 1.88 127.36
29.609 67.748 89.0537 12.6 84 19.9567 -23.05 -174.66
29.609 67.748 19.0341 12.6 72 72.2334 5.15 127.2
29.609 67.748 83.4117 12.6 66 208.2563 -60.2 -26.86
29.609 67.748 33.9576 12.6 42 75.0552 6.74 123.38
29.609 67.748 64.7067 12.6 78 73.9777 2.52 126.46
29.609 67.748 28.013 12.6 60 51.2336 -4.65 153.17
29.609 67.748 -89.0455 12.6 36 24.3291 -21.15 -178.36
29.609 67.748 20.4789 12.6 66 73.7641 2.19 126.84
29.609 67.748 62.4723 12.6 54 19.5191 -20.71 -174.72
29.609 67.748 24.8264 12.6 54 74.1156 1.98 126.55
29.609 67.748 22.0734 12.6 84 81.6913 -7.29 122.53
29.609 67.748 47.3145 12.6 66 74.6529 0.51 126.62
29.609 67.748 37.0327 12.6 48 74.3245 1.85 126.38
29.609 67.748 15.039 12.6 54 39.69 -14.84 167.31
29.609 67.748 15.039 12.6 60 39.69 -14.84 167.31
29.609 67.748 44.1695 12.6 54 77.6891 -4.58 125.62
29.609 67.748 42.1436 12.6 48 81.7605 -7.28 122.45
29.609 67.748 12.0568 12.6 66 51.2768 -3.69 152.79
29.609 67.748 32.0568 12.6 72 51.2768 -3.69 152.79
29.609 67.748 26.0568 12.6 60 51.2768 -3.69 152.79
29.609 67.748 58.4458 12.6 60 93.7483 -4.92 108.16
29.609 67.748 39.6077 12.6 48 78.9021 0.4 122.03
16.5363 57.66 85.3444 12.6 58.8 39.69 -14.84 167.31
16.5363 57.66 -16.8548 12.6 50.4 297.6717 15.88 -93.46
16.5363 57.66 -63.7238 12.6 51.6 85.5592 -9.59 119.4
16.5363 57.66 -77.6386 12.6 102 81.7605 -7.28 122.45
16.5363 57.66 -75.7876 12.6 44.4 51.2768 -3.69 152.79
14.9391 56.9212 -69.766 12.6 51.6 73.7641 2.19 126.84
14.9391 56.9212 -39.8582 12.6 56.4 276.5798 1.93 -76.36
14.9391 56.9212 -80.6908 12.6 82.8 84.0347 -7.26 119.96
14.9391 56.9212 85.8071 12.6 49.2 39.806 -13.58 166.83
14.9391 56.9212 -80.6656 12.6 69.6 75.4922 6.14 123.17
14.9391 56.9212 -26.6885 12.6 84 39.0385 -17 168.53
