19.9936 60.178000000000004 39.7637 84.3961 36.0 12.6 -17.54 168.07
19.9936 60.178000000000004 39.8685 -77.4178 40.8 12.6 -18.31 168.22
19.9936 60.178000000000004 19.5191 75.31 26.4 12.6 -20.71 -174.72
19.9936 60.178000000000004 18.1585 63.5607 50.4 12.6 -15.8 -174.4
19.9936 60.178000000000004 24.0799 88.1436 43.2 12.6 -19.78 -178.44
19.9936 60.178000000000004 23.235 61.233999999999995 38.4 12.6 -19.7 -177.79
19.9936 60.178000000000004 23.3643 77.2557 36.0 12.6 -18.08 -178.2
19.9936 60.178000000000004 297.6717 75.95100000000001 36.0 12.6 15.88 -93.46
19.9936 60.178000000000004 40.0248 86.5204 28.8 12.6 -16.07 167.39
6.9974 62.1783 50.7505 5.1062 39.0 12.6 18.73 145.29
25.5058 69.5349 52.8598 5.0718 66.0 12.6 -5.39 151.82
25.5058 69.5349 50.7529 4.9019 66.0 12.6 -7.23 154.55
25.5058 69.5349 50.7529 16.9019 48.0 12.6 -7.23 154.55
25.5058 69.5349 77.6891 26.1049 48.0 12.6 -4.58 125.62
25.5058 69.5349 51.2768 9.5901 63.0 12.6 -3.69 152.79
25.5058 69.5349 51.2768 1.5901 63.0 12.6 -3.69 152.79
25.5058 69.5349 51.2768 19.5901 63.0 12.6 -3.69 152.79
25.5058 69.5349 51.2934 1.5536 48.0 12.6 -4.79 153.16
25.9841 59.4365 74.6117 31.3502 48.0 12.6 -6.53 129.82
25.9841 59.4365 51.2768 28.8957 66.0 12.6 -3.69 152.79
25.5057 69.5349 53.97 10.1466 63.0 12.6 -5.84 150.88
25.5057 69.5349 51.3248 9.6078 51.0 12.6 -4.31 152.96
25.5057 69.5349 51.3248 11.6078 75.0 12.6 -4.31 152.96
25.5057 69.5349 57.6555 4.7284 75.0 12.6 10.98 140.69
25.5057 69.5349 57.1927 19.3899 45.0 12.6 -5.03 147.34
25.5057 69.5349 51.52 16.6437 60.0 12.6 14.1 146.2
25.5057 69.5349 45.3944 5.5163 54.0 12.6 -10.49 160.77
25.5057 69.5349 73.5458 14.3508 66.0 12.6 1.69 127.3
25.5057 69.5349 40.0558 2.1086 48.0 12.6 -17.29 167.74
25.5057 69.5349 50.0944 14.3139 57.0 12.6 -5.99 154.76
25.5057 69.5349 53.5914 17.9929 42.0 12.6 -1.53 149.69
25.5057 69.5349 74.1639 28.3448 48.0 12.6 -6.71 130.38
25.5057 69.5349 68.1225 30.4476 48.0 12.6 -3.64 135.45
25.5057 69.5349 74.5088 16.7094 54.0 12.6 -6.53 129.93
25.5057 69.5349 356.1579 41.3502 81.0 12.6 19.88 -155.93
25.5057 69.5349 53.8843 8.0596 51.0 12.6 -5.88 150.98
25.5057 69.5349 73.9991 14.2387 54.0 12.6 -5.92 130.2
25.5057 69.5349 57.6987 5.8286 42.0 12.6 -6.15 147.26
25.5057 69.5349 72.8409 11.8986 60.0 12.6 5.36 126.44
25.5057 69.5349 73.9191 12.1412 54.0 12.6 -6.13 130.38
25.5057 69.5349 51.7114 10.0362 42.0 12.6 -3.36 152.24
25.5057 69.5349 44.713 -1.1507 60.0 12.6 -10.63 161.45
25.5057 69.5349 54.4699 12.6345 57.0 12.6 -5.97 150.43
25.5057 69.5349 54.1766 10.3474 45.0 12.6 -5.91 150.7
25.5057 69.5349 72.1536 5.0246 93.0 12.6 3.04 128.22
25.5057 69.5349 54.0572 16.2377 51.0 12.6 -5.75 150.76
25.5057 69.5349 77.3881 7.6545 63.0 12.6 -6.36 126.76
25.5057 69.5349 65.1984 27.5029 51.0 12.6 -3.52 138.48
16.9734 66.2421 84.0347 52.9987 26.4 12.6 -7.26 119.96
16.9734 66.2421 19.5191 39.2393 73.2 12.6 -20.71 -174.72
16.9734 66.2421 28.6805 62.1207 62.4 12.6 -24.64 179.08
16.9734 66.2421 24.0799 47.8194 92.4 12.6 -19.78 -178.44
16.9734 66.2421 24.0799 55.8194 52.8 12.6 -19.78 -178.44
16.9734 66.2421 23.235 72.9829 60.0 12.6 -19.7 -177.79
16.9734 66.2421 23.3243 70.8536 96.0 12.6 -23.56 -177.1
16.9734 66.2421 23.3643 49.1951 85.2 12.6 -18.08 -178.2
14.8288 58.8946 39.5429 -81.6011 57.6 12.6 -14.34 167.29
14.8288 58.8946 24.0799 85.5159 102.0 12.6 -19.78 -178.44
14.8288 58.8946 39.69 -79.4144 55.2 12.6 -14.84 167.31
14.8288 58.8946 40.2776 -80.8247 62.4 12.6 -14.11 166.57
16.5992 57.4185 73.7641 -68.4 43.2 12.6 2.19 126.84
16.5992 57.4185 277.1788 -18.0295 84.0 12.6 1.13 -77.39
16.5992 57.4185 19.4564 -44.6714 54.0 12.6 -17.97 -175.11
16.5992 57.4185 39.7563 -78.3407 60.0 12.6 -15.1 167.33
17.1078 59.854 304.7525 78.5256 46.8 12.6 18.35 -100.38
17.1078 59.854 24.0799 70.3326 39.6 12.6 -19.78 -178.44
17.1078 59.854 39.7563 -79.0804 70.8 12.6 -15.1 167.33
17.1078 59.854 23.235 77.4049 51.6 12.6 -19.7 -177.79
5.3348 60.3838 263.9153 -49.6656 46.8 12.6 -15.04 -70.44
5.3348 60.3838 39.3527 -34.2734 40.8 12.6 -13.57 167.23
5.3348 60.3838 267.9762 -43.3454 55.2 12.6 -8.08 -71.56
5.3348 60.3838 40.0599 -27.4903 37.2 12.6 -13.7 166.64
5.3348 60.3838 95.1315 -35.1479 64.8 12.6 -8.02 108.09
5.3348 60.3838 54.1766 -9.4445 57.6 12.6 -5.91 150.7
5.3348 60.3838 276.097 -45.0271 49.2 12.6 -1.27 -77.31
5.3348 60.3838 40.2776 -33.2854 45.6 12.6 -14.11 166.57
5.3348 60.3838 210.273 -20.1072 50.4 12.6 -56.2 -26.89
5.3348 60.3838 51.2768 -22.4956 75.6 12.6 -3.69 152.79
17.1007 63.9703 19.5191 66.0169 58.8 12.6 -20.71 -174.72
13.023 56.074 73.7641 -79.2855 90.0 12.6 2.19 126.84
13.023 56.074 39.5429 77.6745 61.2 12.6 -14.34 167.29
13.023 56.074 277.1788 -45.0266 63.6 12.6 1.13 -77.39
13.023 56.074 73.9386 -80.9637 72.0 12.6 1.11 127.13
13.023 56.074 84.0347 -84.113 117.6 12.6 -7.26 119.96
13.023 56.074 84.0347 -76.113 99.6 12.6 -7.26 119.96
13.023 56.074 74.6529 -72.1977 56.4 12.6 0.51 126.62
13.023 56.074 74.3245 -58.7049 57.6 12.6 1.85 126.38
13.023 56.074 39.69 69.8838 67.2 12.6 -14.84 167.31
13.023 56.074 77.6891 -76.5371 92.4 12.6 -4.58 125.62
15.8145 56.303999999999995 276.5798 -61.1205 56.4 12.6 1.93 -76.36
15.8145 56.303999999999995 74.884 -70.3924 96.0 12.6 -7.15 129.81
15.8145 56.303999999999995 84.0347 -57.7896 72.0 12.6 -7.26 119.96
15.8145 56.303999999999995 84.0347 -47.7896 67.2 12.6 -7.26 119.96
15.8145 56.303999999999995 85.5592 -47.9728 74.4 12.6 -9.59 119.4
15.8145 56.303999999999995 77.6891 -50.165 58.8 12.6 -4.58 125.62
15.8145 56.303999999999995 50.6127 6.9982 42.0 12.6 18.51 145.53
15.8145 56.303999999999995 81.7605 -33.9051 80.4 12.6 -7.28 122.45
15.8145 56.303999999999995 81.7605 -29.9051 87.6 12.6 -7.28 122.45
15.8145 56.303999999999995 81.7605 -29.9051 109.2 12.6 -7.28 122.45
6.456 59.4228 39.3527 -12.4923 80.4 12.6 -13.57 167.23
6.456 59.4228 54.4699 -9.5549 92.4 12.6 -5.97 150.43
6.456 59.4228 54.1766 -17.8697 85.2 12.6 -5.91 150.7
6.456 59.4228 72.1536 10.5407 75.6 12.6 3.04 128.22
6.456 59.4228 75.2592 -4.5657 74.4 12.6 6.53 123.25
6.456 59.4228 39.5923 -10.1363 80.4 12.6 -12.36 166.66
6.456 59.4228 210.1284 -27.7276 94.8 12.6 -56.45 -26.85
6.456 59.4228 39.5946 -6.297999999999999 92.4 12.6 -14.66 167.34
6.456 59.4228 51.2336 -11.0244 93.6 12.6 -4.65 153.17
6.456 59.4228 39.5429 -12.3331 93.6 12.6 -14.34 167.29
6.456 59.4228 50.7505 0.73458 73.2 12.6 18.73 145.29
6.456 59.4228 51.0993 -6.8592 102.0 12.6 24.4 142.59
6.456 59.4228 266.9366 -69.9441 33.6 12.6 -14.59 -73.58
6.456 59.4228 40.0776 -15.727 98.4 12.6 -14.35 166.82
6.456 59.4228 40.2776 -21.4833 90.0 12.6 -14.11 166.57
6.456 59.4228 50.6127 -5.4065 78.0 12.6 18.51 145.53
6.456 59.4228 51.2768 -12.9663 112.8 12.6 -3.69 152.79
6.456 59.4228 51.2768 -16.9663 122.4 12.6 -3.69 152.79
6.456 59.4228 51.2768 -16.9663 86.4 12.6 -3.69 152.79
12.7697 57.6345 270.2781 -53.0166 38.4 12.6 -8.41 -74.26
12.7697 57.6345 40.0991 -8.9162 66.0 12.6 -13.55 166.56
12.7697 57.6345 50.7505 -71.5896 36.0 12.6 18.73 145.29
12.7697 57.6345 40.0776 5.1032 49.2 12.6 -14.35 166.82
18.5777 63.8908 19.0898 67.5868 42.0 12.6 -18.68 -174.71
14.915 55.114 256.9032 5.8532 72.0 12.6 -22.97 -66.64
14.915 55.114 258.6568 5.5529 48.0 12.6 -22.15 -68.2
14.915 55.114 258.8959 3.8477 48.0 12.6 -21.7 -68.23
14.915 55.114 251.2041 9.8598 48.0 12.6 -28.4 -63.07
14.915 55.114 251.3982 2.0937 60.0 12.6 -28.04 -63.09
14.915 55.114 258.8631 2.9765 60.0 12.6 -26.11 -70.65
21.3769 64.5836 19.4564 57.3274 58.8 12.6 -17.97 -175.11
21.3769 64.5836 19.5191 71.4539 55.2 12.6 -20.71 -174.72
21.3769 64.5836 28.6805 74.7069 55.2 12.6 -24.64 179.08
21.3769 64.5836 18.1585 63.9823 64.8 12.6 -15.8 -174.4
21.3769 64.5836 24.0799 67.9906 48.0 12.6 -19.78 -178.44
21.3769 64.5836 23.235 73.1447 74.4 12.6 -19.7 -177.79
21.3769 64.5836 39.69 75.4398 62.4 12.6 -14.84 167.31
21.3769 64.5836 258.8631 -68.1218 54.0 12.6 -26.11 -70.65
21.3769 64.5836 258.8631 -66.1218 38.4 12.6 -26.11 -70.65
17.0083 57.2899 73.9386 -77.7149 64.8 12.6 1.11 127.13
17.0083 57.2899 84.0347 -35.0048 44.4 12.6 -7.26 119.96
17.0083 57.2899 39.4865 -74.20100000000001 73.2 12.6 -13.87 167.2
17.0083 57.2899 39.7563 -71.7673 64.8 12.6 -15.1 167.33
17.0083 57.2899 91.5078 -21.729 74.4 12.6 -9.25 112.69
17.0083 57.2899 40.0776 -67.5145 74.4 12.6 -14.35 166.82
17.0083 57.2899 210.273 -11.8705 67.2 12.6 -56.2 -26.89
17.0083 57.2899 50.6127 79.9795 61.2 12.6 18.51 145.53
17.0083 57.2899 81.7605 -61.1352 60.0 12.6 -7.28 122.45
17.0083 57.2899 81.7605 -53.1352 63.6 12.6 -7.28 122.45
17.0083 57.2899 51.2768 -73.1704 91.2 12.6 -3.69 152.79
17.0083 57.2899 51.2768 86.8296 44.4 12.6 -3.69 152.79
17.0083 57.2899 51.2768 -85.1704 58.8 12.6 -3.69 152.79
12.4325 55.6853 73.1027 -54.7289 60.0 12.6 4.76 126.42
12.4325 55.6853 278.6012 -41.03 42.0 12.6 -3.29 -80.99
12.4325 55.6853 273.3972 -40.1703 54.0 12.6 -5.68 -76.4
12.4325 55.6853 276.2374 -48.8229 60.0 12.6 -1.39 -77.52
12.4325 55.6853 17.0826 -29.0418 54.0 12.6 -15.24 -173.61
12.4325 55.6853 276.1405 -33.0778 54.0 12.6 -2.31 -77.84
12.4325 55.6853 78.4857 -49.1353 48.0 12.6 1.27 122.09
12.4325 55.6853 95.7416 -53.601000000000006 48.0 12.6 -7.78 107.3
12.4325 55.6853 274.6915 -36.8916 60.0 12.6 -5.08 -77.54
12.4325 55.6853 75.0764 -63.1257 54.0 12.6 6.49 123.47
12.4325 55.6853 75.2592 -46.9606 66.0 12.6 6.53 123.25
12.4325 55.6853 276.097 -44.9287 48.0 12.6 -1.27 -77.31
12.4325 55.6853 258.8959 -77.9591 30.0 12.6 -21.7 -68.23
12.4325 55.6853 77.3881 -48.933 42.0 12.6 -6.36 126.76
12.4325 55.6853 17.105 -47.0187 66.0 12.6 -15.3 -173.62
12.4325 55.6853 279.0407 -37.9465 42.0 12.6 0.43 -79.76
13.87 56.47 259.0002 -77.6008 31.2 12.6 -15.36 -65.09
13.87 56.47 74.6529 -49.5392 43.2 12.6 0.51 126.62
13.87 56.47 74.3245 -36.0405 86.4 12.6 1.85 126.38
13.87 56.47 279.0407 -30.7355 72.0 12.6 0.43 -79.76
13.87 56.47 77.6891 -41.9039 67.2 12.6 -4.58 125.62
9.112 62.073 17.105 55.6152 103.2 12.6 -15.3 -173.62
9.112 62.073 259.0002 -78.9912 69.6 12.6 -15.36 -65.09
20.5688 67.1215 24.3291 40.221 92.4 12.6 -21.15 -178.36
20.5688 67.1215 73.7641 26.1242 40.8 12.6 2.19 126.84
20.5688 67.1215 276.5798 79.1341 73.2 12.6 1.93 -76.36
20.5688 67.1215 277.1788 61.7758 30.0 12.6 1.13 -77.39
20.5688 67.1215 23.3494 79.2311 92.4 12.6 -23.01 -177.23
20.5688 67.1215 23.3494 75.2311 82.8 12.6 -23.01 -177.23
20.5688 67.1215 73.9386 16.26 62.4 12.6 1.11 127.13
20.5688 67.1215 44.3292 -77.8973 57.6 12.6 -11.45 162.07
20.5688 67.1215 19.5191 55.57 70.8 12.6 -20.71 -174.72
20.5688 67.1215 74.6529 32.9609 34.8 12.6 0.51 126.62
15.3016 57.5726 51.0993 -17.4854 62.4 12.6 24.4 142.59
22.1895 66.5541 24.0799 76.2158 68.4 12.6 -19.78 -178.44
22.1895 66.5541 24.0799 68.2158 92.4 12.6 -19.78 -178.44
22.1895 66.5541 23.235 81.3947 93.6 12.6 -19.7 -177.79
22.1895 66.5541 23.235 75.3947 111.6 12.6 -19.7 -177.79
22.1895 66.5541 23.235 89.3947 123.6 12.6 -19.7 -177.79
22.1895 66.5541 74.1156 38.0132 46.8 12.6 1.98 126.55
22.1895 66.5541 75.4922 39.5047 74.4 12.6 6.14 123.17
22.1895 66.5541 23.3643 77.5115 102.0 12.6 -18.08 -178.2
22.1895 66.5541 74.6529 36.5186 40.8 12.6 0.51 126.62
22.1895 66.5541 24.301 70.4414 81.6 12.6 -22.02 -178.16
16.3938 59.2311 39.5429 -75.8843 76.8 12.6 -14.34 167.29
16.3938 59.2311 39.4423 -79.9184 78.0 12.6 -15.38 167.69
16.3938 59.2311 39.7312 -81.6341 73.2 12.6 -15.06 167.34
16.3938 59.2311 39.7563 -71.6046 56.4 12.6 -15.1 167.33
16.3938 59.2311 39.0385 -86.2314 61.2 12.6 -17.0 168.53
16.3938 59.2311 40.0248 -83.2489 80.4 12.6 -16.07 167.39
12.7184 57.0011 39.5429 76.7825 30.0 12.6 -14.34 167.29
12.7184 57.0011 50.7505 -65.6007 76.8 12.6 18.73 145.29
12.7184 57.0011 39.4865 68.69 64.8 12.6 -13.87 167.2
12.7184 57.0011 74.3245 -87.141 63.6 12.6 1.85 126.38
12.7184 57.0011 40.0248 81.4365 75.6 12.6 -16.07 167.39
15.8318 60.4943 39.4423 -71.2641 90.0 12.6 -15.38 167.69
15.8318 60.4943 39.0385 -75.6284 100.8 12.6 -17.0 168.53
15.8318 60.4943 51.2768 -67.5213 80.4 12.6 -3.69 152.79
26.0761 61.4447 16.8186 65.5207 72.0 12.6 -15.14 -173.41
26.0761 61.4447 18.1585 70.9648 84.0 12.6 -15.8 -174.4
26.0761 61.4447 18.1382 77.2265 84.0 12.6 -18.03 -174.06
26.0761 61.4447 19.0898 78.2822 78.0 12.6 -18.68 -174.71
26.0761 61.4447 19.5191 83.0039 84.0 12.6 -20.71 -174.72
26.0761 61.4447 20.1741 83.4692 36.0 12.6 -19.3 -175.46
26.0761 61.4447 21.4979 78.9376 102.0 12.6 -20.19 -176.34
26.0761 61.4447 23.3643 76.5288 102.0 12.6 -18.08 -178.2
26.0761 61.4447 24.0799 71.4855 78.0 12.6 -19.78 -178.44
26.0761 61.4447 24.0799 73.4855 54.0 12.6 -19.78 -178.44
26.0761 61.4447 24.0799 75.4855 84.0 12.6 -19.78 -178.44
26.0761 61.4447 24.1377 67.6423 72.0 12.6 -20.46 -178.35
26.0761 61.4447 24.4483 86.0155 54.0 12.6 -20.87 -178.51
26.0761 61.4447 24.301 64.0424 60.0 12.6 -22.02 -178.16
26.0761 61.4447 25.9561 81.6417 60.0 12.6 -21.61 -179.53
26.0761 61.4447 28.4234 64.4745 96.0 12.6 -23.89 179.09
26.0761 61.4447 28.6805 78.8585 72.0 12.6 -24.64 179.08
26.0761 61.4447 51.2336 18.3916 30.0 12.6 -4.65 153.17
26.0761 61.4447 72.3097 27.7386 54.0 12.6 6.58 126.48
26.0761 61.4447 73.0523 22.6416 66.0 12.6 4.21 126.72
26.0761 61.4447 73.9777 39.6662 48.0 12.6 2.52 126.46
26.0761 61.4447 73.9386 41.7389 48.0 12.6 1.11 127.13
26.0761 61.4447 74.13600000000001 27.8648 60.0 12.6 1.93 126.55
26.0761 61.4447 74.2145 19.9467 90.0 12.6 1.85 126.5
26.0761 61.4447 74.3245 66.0527 90.0 12.6 1.85 126.38
26.0761 61.4447 74.6529 46.4735 54.0 12.6 0.51 126.62
26.0761 61.4447 75.4922 54.8467 84.0 12.6 6.14 123.17
26.0761 61.4447 74.6117 12.9933 84.0 12.6 -6.53 129.82
26.0761 61.4447 77.3881 39.6382 48.0 12.6 -6.36 126.76
26.0761 61.4447 78.9021 64.5755 72.0 12.6 0.4 122.03
26.0761 61.4447 81.7605 51.8997 66.0 12.6 -7.28 122.45
26.0761 61.4447 84.0347 40.0804 54.0 12.6 -7.26 119.96
26.0761 61.4447 84.0347 64.0804 60.0 12.6 -7.26 119.96
26.0761 61.4447 259.0002 21.5272 30.0 12.6 -15.36 -65.09
26.0761 61.4447 295.5713 73.0371 78.0 12.6 13.48 -92.16
26.0761 61.4447 297.6717 59.1837 48.0 12.6 15.88 -93.46
17.3518 59.9013 304.7525 72.7312 68.4 12.6 18.35 -100.38
17.3518 59.9013 74.6117 -80.4719 75.6 12.6 -6.53 129.82
17.3518 59.9013 297.6717 75.7095 54.0 12.6 15.88 -93.46
17.3518 59.9013 81.7605 -35.4839 31.2 12.6 -7.28 122.45
12.4789 59.4034 50.7505 -7.9201 39.6 12.6 18.73 145.29
12.4789 59.4034 39.4423 75.1701 43.2 12.6 -15.38 167.69
12.4789 59.4034 51.0993 -11.7636 44.4 12.6 24.4 142.59
12.4789 59.4034 23.235 71.0122 67.2 12.6 -19.7 -177.79
12.4789 59.4034 50.6127 -4.0492 27.6 12.6 18.51 145.53
13.7241 58.1591 75.4922 26.1954 66.0 12.6 6.14 123.17
13.7241 58.1591 74.6529 12.0048 54.0 12.6 0.51 126.62
13.7241 58.1591 74.572 25.840999999999998 43.2 12.6 1.29 126.36
17.8846 60.1282 73.9386 10.6218 97.2 12.6 1.11 127.13
17.8846 60.1282 39.4423 5.3908 61.2 12.6 -15.38 167.69
17.8846 60.1282 52.81100000000001 -9.668 66.0 12.6 -5.2 151.8
17.8846 60.1282 24.1377 -12.6224 60.0 12.6 -20.46 -178.35
17.8846 60.1282 39.69 -4.3886 60.0 12.6 -14.84 167.31
17.8846 60.1282 39.3345 -6.4697 73.2 12.6 -18.77 168.82
17.8846 60.1282 258.8631 -78.9154 45.6 12.6 -26.11 -70.65
17.8846 60.1282 258.8631 -56.9154 46.8 12.6 -26.11 -70.65
17.8846 60.1282 50.6127 -5.3308 94.8 12.6 18.51 145.53
17.8846 60.1282 51.2768 -9.3152 58.8 12.6 -3.69 152.79
18.1801 60.387 73.7641 4.5919 82.8 12.6 2.19 126.84
18.1801 60.387 50.7505 13.0473 44.4 12.6 18.73 145.29
18.1801 60.387 19.5191 -23.3277 30.0 12.6 -20.71 -174.72
18.1801 60.387 24.0799 77.5785 49.2 12.6 -19.78 -178.44
18.1801 60.387 39.7563 -8.0886 38.4 12.6 -15.1 167.33
18.1801 60.387 53.2774 11.8062 72.0 12.6 13.76 144.4
18.1801 60.387 75.4922 33.9433 27.6 12.6 6.14 123.17
18.1801 60.387 39.0385 -84.7031 49.2 12.6 -17.0 168.53
18.1801 60.387 74.6529 11.5895 64.8 12.6 0.51 126.62
18.1801 60.387 39.69 7.8247 51.6 12.6 -14.84 167.31
18.1801 60.387 297.6717 2.3883 75.6 12.6 15.88 -93.46
18.1801 60.387 50.6127 0.92475 70.8 12.6 18.51 145.53
13.755999999999998 57.29 277.1788 -60.4252 62.4 12.6 1.13 -77.39
13.755999999999998 57.29 75.4922 -55.7064 33.6 12.6 6.14 123.17
13.755999999999998 57.29 81.7605 -77.96 57.6 12.6 -7.28 122.45
18.57 57.6855 73.0574 -65.61399999999999 78.0 12.6 3.86 126.87
18.57 57.6855 85.5592 -41.9881 97.2 12.6 -9.59 119.4
18.57 57.6855 39.9975 -81.7299 106.8 12.6 -16.09 167.42
18.57 57.6855 258.8631 -63.2978 56.4 12.6 -26.11 -70.65
18.57 57.6855 258.8631 -57.2978 45.6 12.6 -26.11 -70.65
18.57 57.6855 50.6127 87.3079 44.4 12.6 18.51 145.53
18.57 57.6855 51.4235 -16.5457 50.4 12.6 24.99 141.96
18.57 57.6855 51.2768 76.2487 67.2 12.6 -3.69 152.79
18.57 57.6855 51.2768 -75.7513 75.6 12.6 -3.69 152.79
18.57 57.6855 51.2768 -75.7513 86.4 12.6 -3.69 152.79
18.5396 60.3342 73.7641 4.9172 81.6 12.6 2.19 126.84
18.5396 60.3342 50.7505 11.3601 75.6 12.6 18.73 145.29
18.5396 60.3342 73.9386 19.1756 45.6 12.6 1.11 127.13
18.5396 60.3342 39.4423 72.0587 61.2 12.6 -15.38 167.69
18.5396 60.3342 19.5191 83.2 51.6 12.6 -20.71 -174.72
18.5396 60.3342 18.1585 59.5787 48.0 12.6 -15.8 -174.4
18.5396 60.3342 75.4922 10.2591 97.2 12.6 6.14 123.17
18.5396 60.3342 74.6529 11.917 72.0 12.6 0.51 126.62
18.5396 60.3342 39.69 14.2759 54.0 12.6 -14.84 167.31
18.5396 60.3342 77.6891 33.2916 57.6 12.6 -4.58 125.62
18.5396 60.3342 50.6127 15.2384 58.8 12.6 18.51 145.53
18.5396 60.3342 81.7605 23.4655 49.2 12.6 -7.28 122.45
18.5396 60.3342 51.2768 15.2731 78.0 12.6 -3.69 152.79
23.6842 70.6425 44.713 -1.4317 70.8 12.6 -10.63 161.45
23.6842 70.6425 54.4699 16.5291 76.8 12.6 -5.97 150.43
23.6842 70.6425 54.1766 24.2416 86.4 12.6 -5.91 150.7
23.6842 70.6425 75.2592 6.8294 102.0 12.6 6.53 123.25
23.6842 70.6425 57.8948 17.9921 76.8 12.6 -5.5 146.81
23.6842 70.6425 77.3881 9.7292 78.0 12.6 -6.36 126.76
23.6842 70.6425 57.2442 7.2505 68.4 12.6 -6.57 147.88
23.6842 70.6425 58.7022 26.6254 64.8 12.6 -7.56 146.8
23.6842 70.6425 51.2336 21.4094 92.4 12.6 -4.65 153.17
23.6842 70.6425 76.4919 24.695 46.8 12.6 -7.44 128.22
23.6842 70.6425 50.0838 6.1371 102.0 12.6 -6.45 154.93
23.6842 70.6425 39.4865 -2.696 92.4 12.6 -13.87 167.2
23.6842 70.6425 76.2728 7.2096 104.4 12.6 -0.19 125.17
23.6842 70.6425 52.8598 20.9709 64.8 12.6 -5.39 151.82
23.6842 70.6425 52.81100000000001 12.9368 60.0 12.6 -5.2 151.8
23.6842 70.6425 50.7529 24.7408 91.2 12.6 -7.23 154.55
23.6842 70.6425 50.7529 14.7408 68.4 12.6 -7.23 154.55
23.6842 70.6425 77.6891 8.2241 94.8 12.6 -4.58 125.62
23.6842 70.6425 51.2768 17.5227 79.2 12.6 -3.69 152.79
23.6842 70.6425 51.2768 3.5227 79.2 12.6 -3.69 152.79
23.6842 70.6425 51.2934 21.4585 93.6 12.6 -4.79 153.16
20.9752 66.1635 73.7641 26.5695 54.0 12.6 2.19 126.84
20.9752 66.1635 19.4564 68.3297 78.0 12.6 -17.97 -175.11
20.9752 66.1635 23.3494 62.1348 56.4 12.6 -23.01 -177.23
20.9752 66.1635 28.9064 85.5517 74.4 12.6 -26.09 179.28
20.9752 66.1635 19.5191 44.3896 87.6 12.6 -20.71 -174.72
20.9752 66.1635 38.5341 79.0514 54.0 12.6 -21.5 170.35
20.9752 66.1635 28.6805 67.3428 76.8 12.6 -24.64 179.08
20.9752 66.1635 24.0799 46.8624 78.0 12.6 -19.78 -178.44
20.9752 66.1635 24.0799 54.8624 84.0 12.6 -19.78 -178.44
20.9752 66.1635 23.235 66.0338 91.2 12.6 -19.7 -177.79
20.9752 66.1635 20.1741 85.0327 105.6 12.6 -19.3 -175.46
20.9752 66.1635 24.1377 70.9165 78.0 12.6 -20.46 -178.35
20.9752 66.1635 23.3643 82.1658 110.4 12.6 -18.08 -178.2
20.9752 66.1635 18.1382 69.0362 88.8 12.6 -18.03 -174.06
20.9752 66.1635 74.6529 33.4313 50.4 12.6 0.51 126.62
20.9752 66.1635 85.5592 32.1982 63.6 12.6 -9.59 119.4
20.9752 66.1635 24.301 61.0703 100.8 12.6 -22.02 -178.16
16.6136 62.1532 74.884 -47.4924 64.8 12.6 -7.15 129.81
16.6136 62.1532 53.2774 12.2986 30.0 12.6 13.76 144.4
16.6136 62.1532 74.1156 29.3304 42.0 12.6 1.98 126.55
23.6572 68.3916 54.8258 14.1813 48.0 12.6 12.52 143.18
23.6572 68.3916 44.8649 17.4702 54.0 12.6 -10.51 161.27
23.6572 68.3916 73.9991 36.704 42.0 12.6 -5.92 130.2
23.6572 68.3916 57.6987 8.3113 42.0 12.6 -6.15 147.26
23.6572 68.3916 79.7025 24.4029 36.0 12.6 -7.4 124.74
23.6572 68.3916 73.9191 4.6107 60.0 12.6 -6.13 130.38
23.6572 68.3916 54.4699 -0.893 48.0 12.6 -5.97 150.43
23.6572 68.3916 50.4908 9.1585 60.0 12.6 -6.1 154.41
23.6572 68.3916 73.9777 17.1618 48.0 12.6 2.52 126.46
23.6572 68.3916 77.3881 18.1151 36.0 12.6 -6.36 126.76
23.6572 68.3916 259.0002 -30.9284 36.0 12.6 -15.36 -65.09
23.6572 68.3916 24.4483 45.6369 84.0 12.6 -20.87 -178.51
23.6572 68.3916 51.2336 -0.051910000000000005 42.0 12.6 -4.65 153.17
23.6572 68.3916 65.1984 11.948 60.0 12.6 -3.52 138.48
23.6572 68.3916 50.7505 14.2704 48.0 12.6 18.73 145.29
23.6572 68.3916 76.4919 49.1401 66.0 12.6 -7.44 128.22
23.6572 68.3916 19.5191 40.9904 96.0 12.6 -20.71 -174.72
23.6572 68.3916 38.5341 0.98906 30.0 12.6 -21.5 170.35
23.6572 68.3916 28.6805 47.5807 66.0 12.6 -24.64 179.08
23.6572 68.3916 51.2768 -5.9733 84.0 12.6 -3.69 152.79
18.0359 62.676 16.9464 73.0177 70.8 12.6 -15.24 -173.5
18.0359 62.676 24.0799 64.436 46.8 12.6 -19.78 -178.44
18.0359 62.676 74.6529 1.1419 112.8 12.6 0.51 126.62
18.0359 62.676 39.3345 4.2385 64.8 12.6 -18.77 168.82
18.0359 62.676 50.6127 -3.1942 32.4 12.6 18.51 145.53
13.6945 60.1335 51.282 -0.46293 48.0 12.6 22.32 143.25
8.5052 58.2702 39.3527 -29.4044 85.2 12.6 -13.57 167.23
8.5052 58.2702 251.3982 -66.0374 32.4 12.6 -28.04 -63.09
8.5052 58.2702 39.7563 -30.9831 90.0 12.6 -15.1 167.33
8.5052 58.2702 23.3643 -30.1579 88.8 12.6 -18.08 -178.2
8.5052 58.2702 40.2776 -36.3695 94.8 12.6 -14.11 166.57
8.5052 58.2702 51.2768 -22.3635 92.4 12.6 -3.69 152.79
17.1194 61.7364 24.0799 79.5793 60.0 12.6 -19.78 -178.44
19.2184 63.3416 73.9386 -74.5936 45.6 12.6 1.11 127.13
19.2184 63.3416 84.0347 -32.3543 37.2 12.6 -7.26 119.96
19.2184 63.3416 261.8509 -43.3671 57.6 12.6 -19.92 -70.63
19.2184 63.3416 18.1585 83.6141 82.8 12.6 -15.8 -174.4
19.2184 63.3416 266.9366 -68.189 44.4 12.6 -14.59 -73.58
19.2184 63.3416 76.2728 -34.2463 64.8 12.6 -0.19 125.17
19.2184 63.3416 256.7299 -56.8123 67.2 12.6 -31.75 -71.63
19.2184 63.3416 39.69 73.5625 46.8 12.6 -14.84 167.31
19.2184 63.3416 258.8631 -76.514 75.6 12.6 -26.11 -70.65
19.2184 63.3416 81.7605 -68.6011 34.8 12.6 -7.28 122.45
17.316 60.873000000000005 38.5341 -72.3058 67.2 12.6 -21.5 170.35
17.316 60.873000000000005 266.9366 -60.45 27.6 12.6 -14.59 -73.58
17.316 60.873000000000005 53.2774 1.0034 42.0 12.6 13.76 144.4
17.316 60.873000000000005 39.0385 -72.0198 78.0 12.6 -17.0 168.53
17.316 60.873000000000005 50.6127 0.16639 61.2 12.6 18.51 145.53
20.4095 69.5557 24.6426 55.4757 76.2 12.6 -20.83 -178.67
20.4095 69.5557 24.301 55.0901 64.8 12.6 -22.02 -178.16
20.4095 69.5557 77.6891 43.2777 61.8 12.6 -4.58 125.62
20.4095 69.5557 74.572 32.5711 89.4 12.6 1.29 126.36
20.4095 69.5557 81.7605 29.2321 60.6 12.6 -7.28 122.45
20.4095 69.5557 23.8817 60.8093 69.0 12.6 -19.85 -178.27
20.4095 69.5557 78.9021 50.9559 82.8 12.6 0.4 122.03
20.4095 69.5557 81.2008 42.6587 64.2 12.6 -7.24 123.04
31.3124 62.9182 40.0086 31.4216 102.0 12.6 -14.28 166.86
31.3124 62.9182 25.1326 8.1032 42.0 12.6 -19.4 -179.35
31.3124 62.9182 74.6393 17.1152 90.0 12.6 -1.07 127.34
31.3124 62.9182 53.2164 20.9649 78.0 12.6 -5.65 151.56
31.3124 62.9182 73.6666 44.4565 54.0 12.6 -5.93 130.56
31.3124 62.9182 298.32599999999996 20.4537 84.0 12.6 16.35 -93.99
31.3124 62.9182 54.4954 8.0746 96.0 12.6 -4.47 149.85
31.3124 62.9182 72.9192 15.2219 78.0 12.6 2.87 127.46
31.3124 62.9182 39.5294 23.1412 108.0 12.6 -15.6 167.68
31.3124 62.9182 28.3628 20.2282 72.0 12.6 -25.19 179.46
31.3124 62.9182 28.4645 6.4415 54.0 12.6 -25.77 179.53
31.3124 62.9182 211.0875 -10.7061 72.0 12.6 -56.02 -28.03
31.3124 62.9182 24.2084 12.8796 36.0 12.6 -17.34 -179.02
31.3124 62.9182 76.6137 17.2978 96.0 12.6 -6.11 127.48
31.3124 62.9182 54.8258 25.0017 78.0 12.6 12.52 143.18
31.3124 62.9182 75.1542 21.9486 78.0 12.6 -7.06 129.48
31.3124 62.9182 44.8649 13.5522 84.0 12.6 -10.51 161.27
31.3124 62.9182 26.7905 2.3916 48.0 12.6 -23.37 -179.78
31.3124 62.9182 22.085 6.8401 42.0 12.6 -17.34 -177.31
31.3124 62.9182 73.9991 18.775 72.0 12.6 -5.92 130.2
31.3124 62.9182 57.6987 23.2586 66.0 12.6 -6.15 147.26
31.3124 62.9182 57.6987 13.2586 96.0 12.6 -6.15 147.26
31.3124 62.9182 73.4134 13.7592 96.0 12.6 1.88 127.36
31.3124 62.9182 38.5234 19.1803 78.0 12.6 -22.35 170.63
31.3124 62.9182 72.2334 6.4205 108.0 12.6 5.15 127.2
31.3124 62.9182 208.2563 -4.1017 42.0 12.6 -60.2 -26.86
31.3124 62.9182 72.8409 21.0002 84.0 12.6 5.36 126.44
31.3124 62.9182 75.0552 15.0857 90.0 12.6 6.74 123.38
31.3124 62.9182 73.9191 16.7105 90.0 12.6 -6.13 130.38
31.3124 62.9182 27.4294 13.9416 60.0 12.6 -17.24 178.34
31.3124 62.9182 27.4294 3.9416 36.0 12.6 -17.24 178.34
31.3124 62.9182 38.0438 18.7033 66.0 12.6 -22.15 170.96
31.3124 62.9182 51.7114 17.33 78.0 12.6 -3.36 152.24
31.3124 62.9182 51.7114 29.33 96.0 12.6 -3.36 152.24
31.3124 62.9182 44.713 29.4222 102.0 12.6 -10.63 161.45
31.3124 62.9182 76.4584 16.6039 96.0 12.6 4.08 123.04
31.3124 62.9182 298.9711 3.0838 60.0 12.6 17.21 -94.34
31.3124 62.9182 44.8949 5.5663 60.0 12.6 -10.38 161.2
31.3124 62.9182 73.9777 18.2709 90.0 12.6 2.52 126.46
31.3124 62.9182 27.5158 15.1544 66.0 12.6 -23.78 179.76
31.3124 62.9182 27.5158 13.1544 48.0 12.6 -23.78 179.76
31.3124 62.9182 21.5229 -5.8337 24.0 12.6 -16.52 -177.0
31.3124 62.9182 77.3881 18.0564 72.0 12.6 -6.36 126.76
31.3124 62.9182 251.2041 25.8711 30.0 12.6 -28.4 -63.07
31.3124 62.9182 38.9751 17.3373 78.0 12.6 -20.67 169.72
31.3124 62.9182 57.2442 22.8633 90.0 12.6 -6.57 147.88
31.3124 62.9182 58.7022 24.3277 96.0 12.6 -7.56 146.8
31.3124 62.9182 306.76 12.8924 66.0 12.6 18.23 -102.69
31.3124 62.9182 39.5946 11.0806 42.0 12.6 -14.66 167.34
31.3124 62.9182 39.5946 23.0806 114.0 12.6 -14.66 167.34
31.3124 62.9182 74.6117 17.398 96.0 12.6 -6.53 129.82
31.3124 62.9182 65.1984 26.1932 72.0 12.6 -3.52 138.48
31.3124 62.9182 19.4564 6.4081 36.0 12.6 -17.97 -175.11
31.3124 62.9182 84.0347 30.5189 60.0 12.6 -7.26 119.96
31.3124 62.9182 28.9064 12.9208 42.0 12.6 -26.09 179.28
31.3124 62.9182 44.3292 27.1516 84.0 12.6 -11.45 162.07
31.3124 62.9182 19.5191 -3.0482 36.0 12.6 -20.71 -174.72
31.3124 62.9182 38.5341 19.0553 66.0 12.6 -21.5 170.35
31.3124 62.9182 38.5341 19.0553 96.0 12.6 -21.5 170.35
31.3124 62.9182 28.6805 12.4167 60.0 12.6 -24.64 179.08
31.3124 62.9182 30.2213 16.0887 48.0 12.6 -25.8 178.21
31.3124 62.9182 296.2898 18.4386 84.0 12.6 14.74 -92.41
31.3124 62.9182 24.0799 -22.8368 42.0 12.6 -19.78 -178.44
31.3124 62.9182 23.235 2.3412 36.0 12.6 -19.7 -177.79
31.3124 62.9182 74.13600000000001 14.4583 108.0 12.6 1.93 126.55
31.3124 62.9182 74.1156 16.4356 90.0 12.6 1.98 126.55
31.3124 62.9182 39.0385 22.8682 114.0 12.6 -17.0 168.53
31.3124 62.9182 81.6913 26.2522 66.0 12.6 -7.29 122.53
31.3124 62.9182 52.8598 14.6034 78.0 12.6 -5.39 151.82
31.3124 62.9182 52.81100000000001 16.5399 90.0 12.6 -5.2 151.8
31.3124 62.9182 24.1377 11.3375 42.0 12.6 -20.46 -178.35
31.3124 62.9182 25.7854 10.0784 42.0 12.6 -26.48 -178.3
31.3124 62.9182 74.6529 15.04 102.0 12.6 0.51 126.62
31.3124 62.9182 74.3245 14.645999999999999 114.0 12.6 1.85 126.38
31.3124 62.9182 39.69 15.1934 60.0 12.6 -14.84 167.31
31.3124 62.9182 39.69 15.1934 90.0 12.6 -14.84 167.31
31.3124 62.9182 77.6891 28.2535 56.4 12.6 -4.58 125.62
31.3124 62.9182 81.7605 26.3186 76.8 12.6 -7.28 122.45
31.3124 62.9182 51.2768 14.9463 87.6 12.6 -3.69 152.79
31.3124 62.9182 51.2768 16.9463 92.4 12.6 -3.69 152.79
31.3124 62.9182 51.2768 30.9463 96.0 12.6 -3.69 152.79
31.3124 62.9182 39.5289 3.0111 54.0 12.6 -14.6 167.38
31.3124 62.9182 39.5289 11.0111 75.6 12.6 -14.6 167.38
31.3124 62.9182 27.8383 -12.48 57.6 12.6 -24.1 179.59
31.3124 62.9182 27.8383 1.52 44.4 12.6 -24.1 179.59
31.3124 62.9182 51.2934 23.0622 91.2 12.6 -4.79 153.16
31.3124 62.9182 51.2934 19.0622 79.2 12.6 -4.79 153.16
31.3124 62.9182 51.2934 7.0622 126.0 12.6 -4.79 153.16
19.5433 66.6385 84.0347 73.304 146.4 12.6 -7.26 119.96
19.5433 66.6385 19.5191 52.4193 73.2 12.6 -20.71 -174.72
19.5433 66.6385 38.5341 69.0878 54.0 12.6 -21.5 170.35
19.5433 66.6385 28.6805 55.2705 74.4 12.6 -24.64 179.08
19.5433 66.6385 74.13600000000001 47.5767 72.0 12.6 1.93 126.55
19.5433 66.6385 81.6913 46.9287 43.2 12.6 -7.29 122.53
19.5433 66.6385 24.1377 62.9474 92.4 12.6 -20.46 -178.35
19.5433 66.6385 23.3643 60.2504 52.8 12.6 -18.08 -178.2
19.5433 66.6385 25.7854 60.3731 69.6 12.6 -26.48 -178.3
26.3095 62.1112 17.0826 65.8349 84.0 12.6 -15.24 -173.61
26.3095 62.1112 15.3263 72.2112 78.0 12.6 -16.59 -172.03
26.3095 62.1112 298.32599999999996 78.0325 48.0 12.6 16.35 -93.99
26.3095 62.1112 72.9192 14.7909 96.0 12.6 2.87 127.46
26.3095 62.1112 39.7359 12.8431 42.0 12.6 -20.07 168.89
26.3095 62.1112 39.9446 3.0877 30.0 12.6 -20.4 168.82
26.3095 62.1112 211.0875 67.8944 66.0 12.6 -56.02 -28.03
26.3095 62.1112 76.6137 34.9567 48.0 12.6 -6.11 127.48
26.3095 62.1112 54.8258 8.5619 90.0 12.6 12.52 143.18
26.3095 62.1112 44.8649 20.7614 60.0 12.6 -10.51 161.27
26.3095 62.1112 17.7322 67.1711 72.0 12.6 -20.77 -173.34
26.3095 62.1112 22.085 77.1116 66.0 12.6 -17.34 -177.31
26.3095 62.1112 73.9991 16.4261 90.0 12.6 -5.92 130.2
26.3095 62.1112 24.56 2.7175 54.0 12.6 -25.39 -177.64
26.3095 62.1112 73.4134 43.3354 60.0 12.6 1.88 127.36
26.3095 62.1112 18.5823 70.1809 54.0 12.6 -21.86 -173.82
26.3095 62.1112 78.4857 30.2922 54.0 12.6 1.27 122.09
26.3095 62.1112 73.4786 45.2661 66.0 12.6 3.88 126.4
26.3095 62.1112 72.2334 49.9736 54.0 12.6 5.15 127.2
26.3095 62.1112 72.8409 30.5491 60.0 12.6 5.36 126.44
26.3095 62.1112 75.0552 24.6091 78.0 12.6 6.74 123.38
26.3095 62.1112 73.9191 34.3636 72.0 12.6 -6.13 130.38
26.3095 62.1112 73.9191 24.3636 60.0 12.6 -6.13 130.38
26.3095 62.1112 258.7329 21.1502 84.0 12.6 -22.23 -68.33
26.3095 62.1112 73.9777 53.8398 66.0 12.6 2.52 126.46
26.3095 62.1112 24.4232 69.8305 66.0 12.6 -20.33 -178.6
26.3095 62.1112 27.5158 7.3987 54.0 12.6 -23.78 179.76
26.3095 62.1112 77.3881 63.7192 66.0 12.6 -6.36 126.76
26.3095 62.1112 17.105 67.8642 78.0 12.6 -15.3 -173.62
26.3095 62.1112 57.2442 24.3606 54.0 12.6 -6.57 147.88
26.3095 62.1112 19.0898 64.2687 42.0 12.6 -18.68 -174.71
26.3095 62.1112 73.7641 39.6546 48.0 12.6 2.19 126.84
26.3095 62.1112 74.6117 27.0575 60.0 12.6 -6.53 129.82
26.3095 62.1112 65.1984 19.7807 66.0 12.6 -3.52 138.48
26.3095 62.1112 19.4564 66.5494 54.0 12.6 -17.97 -175.11
26.3095 62.1112 73.9386 31.8951 66.0 12.6 1.11 127.13
26.3095 62.1112 23.3681 83.1743 54.0 12.6 -23.13 -177.22
26.3095 62.1112 84.0347 56.1872 48.0 12.6 -7.26 119.96
26.3095 62.1112 28.6805 54.6839 54.0 12.6 -24.64 179.08
26.3095 62.1112 24.0799 65.4148 66.0 12.6 -19.78 -178.44
26.3095 62.1112 24.0799 71.4148 66.0 12.6 -19.78 -178.44
26.3095 62.1112 23.235 66.5605 60.0 12.6 -19.7 -177.79
26.3095 62.1112 23.235 80.5605 72.0 12.6 -19.7 -177.79
26.3095 62.1112 74.13600000000001 26.0322 60.0 12.6 1.93 126.55
26.3095 62.1112 74.2145 50.1135 48.0 12.6 1.85 126.5
26.3095 62.1112 73.5257 27.4177 54.0 12.6 2.28 127.06
26.3095 62.1112 74.1156 48.0091 54.0 12.6 1.98 126.55
26.3095 62.1112 75.4922 55.0732 78.0 12.6 6.14 123.17
26.3095 62.1112 39.0385 9.792 102.0 12.6 -17.0 168.53
26.3095 62.1112 81.6913 39.9269 48.0 12.6 -7.29 122.53
26.3095 62.1112 20.1741 75.4394 96.0 12.6 -19.3 -175.46
26.3095 62.1112 24.1377 65.5634 30.0 12.6 -20.46 -178.35
26.3095 62.1112 74.6529 22.6263 72.0 12.6 0.51 126.62
26.3095 62.1112 74.3245 30.2201 60.0 12.6 1.85 126.38
26.3095 62.1112 73.0574 28.8589 48.0 12.6 3.86 126.87
26.3095 62.1112 18.6674 77.4277 78.0 12.6 -15.19 -174.9
26.3095 62.1112 73.0523 44.8307 54.0 12.6 4.21 126.72
26.3095 62.1112 24.301 77.9434 84.0 12.6 -22.02 -178.16
26.3095 62.1112 77.6891 35.8933 48.0 12.6 -4.58 125.62
26.3095 62.1112 50.6127 30.0242 60.0 12.6 18.51 145.53
26.3095 62.1112 51.2768 2.362 72.0 12.6 -3.69 152.79
26.3095 62.1112 51.2768 -5.638 54.0 12.6 -3.69 152.79
23.3567 65.8596 24.3291 86.2181 81.6 12.6 -21.15 -178.36
23.3567 65.8596 277.1788 80.2821 52.8 12.6 1.13 -77.39
23.3567 65.8596 19.4564 77.3733 68.4 12.6 -17.97 -175.11
23.3567 65.8596 39.69 -78.9291 50.4 12.6 -14.84 167.31
23.3567 65.8596 24.301 72.2167 70.8 12.6 -22.02 -178.16
24.8706 62.1664 15.3263 68.3469 84.0 12.6 -16.59 -172.03
24.8706 62.1664 74.7355 35.3851 42.0 12.6 1.07 126.28
24.8706 62.1664 74.6393 47.4258 54.0 12.6 -1.07 127.34
24.8706 62.1664 298.32599999999996 76.7691 36.0 12.6 16.35 -93.99
24.8706 62.1664 22.085 83.28299999999999 84.0 12.6 -17.34 -177.31
24.8706 62.1664 73.9991 21.1167 42.0 12.6 -5.92 130.2
24.8706 62.1664 39.4336 86.8359 42.0 12.6 -19.96 169.11
24.8706 62.1664 73.4134 10.0507 78.0 12.6 1.88 127.36
24.8706 62.1664 18.5823 78.2264 66.0 12.6 -21.86 -173.82
24.8706 62.1664 73.9191 21.0532 36.0 12.6 -6.13 130.38
24.8706 62.1664 27.4294 68.6449 66.0 12.6 -17.24 178.34
24.8706 62.1664 16.6044 71.5254 90.0 12.6 -15.27 -173.22
24.8706 62.1664 28.2004 60.1168 66.0 12.6 -23.31 179.12
24.8706 62.1664 72.1536 46.7542 36.0 12.6 3.04 128.22
24.8706 62.1664 75.2592 29.5555 48.0 12.6 6.53 123.25
24.8706 62.1664 287.1029 73.5178 54.0 12.6 9.95 -84.31
24.8706 62.1664 27.5158 61.4925 66.0 12.6 -23.78 179.76
24.8706 62.1664 21.5229 68.6325 66.0 12.6 -16.52 -177.0
24.8706 62.1664 77.3881 18.4208 42.0 12.6 -6.36 126.76
24.8706 62.1664 259.0002 44.653999999999996 18.0 12.6 -15.36 -65.09
24.8706 62.1664 68.9945 1.9315 102.0 12.6 -0.72 133.27
24.8706 62.1664 74.6117 9.7485 84.0 12.6 -6.53 129.82
24.8706 62.1664 294.4515 58.8993 78.0 12.6 14.49 -90.46
24.8706 62.1664 19.4564 70.6869 66.0 12.6 -17.97 -175.11
24.8706 62.1664 50.7505 4.8971 84.0 12.6 18.73 145.29
24.8706 62.1664 73.9386 28.6091 36.0 12.6 1.11 127.13
24.8706 62.1664 23.3681 69.2367 78.0 12.6 -23.13 -177.22
24.8706 62.1664 39.4423 -3.6356 48.0 12.6 -15.38 167.69
24.8706 62.1664 16.9464 67.8705 90.0 12.6 -15.24 -173.5
24.8706 62.1664 19.5191 73.0467 84.0 12.6 -20.71 -174.72
24.8706 62.1664 38.5341 76.1306 72.0 12.6 -21.5 170.35
24.8706 62.1664 38.5341 -75.8694 60.0 12.6 -21.5 170.35
24.8706 62.1664 38.5341 80.1306 42.0 12.6 -21.5 170.35
24.8706 62.1664 299.4681 -86.0835 54.0 12.6 17.19 -94.91
24.8706 62.1664 72.62100000000001 29.0406 42.0 12.6 5.7 126.53
24.8706 62.1664 18.1585 77.1548 60.0 12.6 -15.8 -174.4
24.8706 62.1664 24.0799 77.5561 66.0 12.6 -19.78 -178.44
24.8706 62.1664 24.0799 75.5561 48.0 12.6 -19.78 -178.44
24.8706 62.1664 23.235 76.6954 84.0 12.6 -19.7 -177.79
24.8706 62.1664 23.235 74.6954 42.0 12.6 -19.7 -177.79
24.8706 62.1664 74.13600000000001 6.7493 90.0 12.6 1.93 126.55
24.8706 62.1664 75.4922 39.8064 30.0 12.6 6.14 123.17
24.8706 62.1664 74.3014 18.9267 84.0 12.6 1.66 126.49
24.8706 62.1664 66.5536 -2.4592 132.0 12.6 -0.35 135.72
24.8706 62.1664 74.3245 16.9374 54.0 12.6 1.85 126.38
24.8706 62.1664 297.6717 -89.8884 72.0 12.6 15.88 -93.46
24.8706 62.1664 16.8186 59.7312 78.0 12.6 -15.14 -173.41
24.8706 62.1664 74.572 25.2126 36.0 12.6 1.29 126.36
24.8706 62.1664 298.635 63.0932 42.0 12.6 17.12 -94.0
24.8706 62.1664 51.2934 -2.9578 48.0 12.6 -4.79 153.16
24.8706 62.1664 51.2934 21.0422 84.0 12.6 -4.79 153.16
24.8706 62.1664 78.9021 57.4726 72.0 12.6 0.4 122.03
20.8037 69.043 23.9096 71.4733 48.0 12.6 -19.86 -178.29
20.8037 69.043 21.614 53.2505 48.0 12.6 -21.19 -176.25
20.8037 69.043 25.1326 72.653 72.0 12.6 -19.4 -179.35
20.8037 69.043 53.2164 20.8337 90.0 12.6 -5.65 151.56
20.8037 69.043 276.1405 43.2588 36.0 12.6 -2.31 -77.84
20.8037 69.043 18.5823 44.3743 84.0 12.6 -21.86 -173.82
20.8037 69.043 37.2676 -87.9207 48.0 12.6 -22.26 171.63
20.8037 69.043 24.4232 65.9404 60.0 12.6 -20.33 -178.6
20.8037 69.043 27.5158 44.6998 72.0 12.6 -23.78 179.76
20.8037 69.043 77.3881 39.2903 30.0 12.6 -6.36 126.76
20.8037 69.043 25.9561 59.3348 84.0 12.6 -21.61 -179.53
20.8037 69.043 19.0898 46.9524 96.0 12.6 -18.68 -174.71
20.8037 69.043 276.5798 53.3801 42.0 12.6 1.93 -76.36
20.8037 69.043 39.5429 84.7821 90.0 12.6 -14.34 167.29
20.8037 69.043 84.0347 10.0421 90.0 12.6 -7.26 119.96
20.8037 69.043 19.5191 55.2932 54.0 12.6 -20.71 -174.72
20.8037 69.043 28.6805 63.7514 54.0 12.6 -24.64 179.08
20.8037 69.043 23.235 66.8405 66.0 12.6 -19.7 -177.79
20.8037 69.043 24.1377 47.6645 60.0 12.6 -20.46 -178.35
20.8037 69.043 39.69 74.8961 54.0 12.6 -14.84 167.31
20.8037 69.043 279.0407 64.0312 54.0 12.6 0.43 -79.76
20.8037 69.043 210.273 68.4562 42.0 12.6 -56.2 -26.89
20.8037 69.043 51.2768 -2.9866 72.0 12.6 -3.69 152.79
20.8037 69.043 51.2768 -0.9865799999999999 78.0 12.6 -3.69 152.79
20.8037 69.043 39.5289 -87.2468 66.0 12.6 -14.6 167.38
5.247000000000001 59.211999999999996 78.9021 -77.6356 39.6 12.6 0.4 122.03
9.5982 59.6491 256.9449 20.8894 72.0 12.6 -20.13 -65.18
9.5982 59.6491 23.9625 33.8479 84.0 12.6 -17.66 -178.76
9.5982 59.6491 96.4816 23.4452 90.0 12.6 -2.43 103.98
9.5982 59.6491 253.2 23.0339 60.0 12.6 -24.98 -63.47
9.5982 59.6491 39.4543 45.4212 120.0 12.6 -15.78 167.8
9.5982 59.6491 256.5543 14.2101 66.0 12.6 -24.41 -67.03
9.5982 59.6491 22.085 41.7646 60.0 12.6 -17.34 -177.31
9.5982 59.6491 95.7416 27.307 60.0 12.6 -7.78 107.3
9.5982 59.6491 95.7416 27.307 60.0 12.6 -7.78 107.3
9.5982 59.6491 93.7806 15.6762 108.0 12.6 -10.2 110.63
9.5982 59.6491 75.0552 13.9854 78.0 12.6 6.74 123.38
9.5982 59.6491 73.9191 15.7303 66.0 12.6 -6.13 130.38
9.5982 59.6491 258.7329 12.4093 66.0 12.6 -22.23 -68.33
9.5982 59.6491 95.1315 40.7458 66.0 12.6 -8.02 108.09
9.5982 59.6491 258.6568 14.3444 78.0 12.6 -22.15 -68.2
9.5982 59.6491 75.2592 6.1985 60.0 12.6 6.53 123.25
9.5982 59.6491 17.9407 49.1001 102.0 12.6 -17.37 -174.0
9.5982 59.6491 262.1737 14.0481 72.0 12.6 -17.08 -69.52
9.5982 59.6491 258.8959 10.6029 72.0 12.6 -21.7 -68.23
9.5982 59.6491 251.2041 20.9474 60.0 12.6 -28.4 -63.07
9.5982 59.6491 259.0002 9.1844 72.0 12.6 -15.36 -65.09
9.5982 59.6491 40.2776 44.3847 126.0 12.6 -14.11 166.57
9.5982 59.6491 256.64599999999996 16.4488 72.0 12.6 -22.33 -66.0
9.5982 59.6491 257.6565 11.3264 96.0 12.6 -23.24 -67.65
20.1607 68.2229 73.9386 25.7812 61.2 12.6 1.11 127.13
20.1607 68.2229 74.884 34.2433 31.2 12.6 -7.15 129.81
20.1607 68.2229 84.0347 65.5852 69.6 12.6 -7.26 119.96
20.1607 68.2229 24.0799 71.1308 56.4 12.6 -19.78 -178.44
20.1607 68.2229 24.0799 65.1308 49.2 12.6 -19.78 -178.44
20.1607 68.2229 23.235 60.3234 74.4 12.6 -19.7 -177.79
20.1607 68.2229 74.1156 24.0134 51.6 12.6 1.98 126.55
20.1607 68.2229 279.0407 41.383 63.6 12.6 0.43 -79.76
20.1607 68.2229 24.301 61.2533 61.2 12.6 -22.02 -178.16
20.1607 68.2229 77.6891 29.2658 50.4 12.6 -4.58 125.62
29.8907 66.0255 53.2164 24.6872 42.0 12.6 -5.65 151.56
29.8907 66.0255 94.611 -44.4547 48.0 12.6 -5.93 107.68
29.8907 66.0255 57.6987 13.0372 90.0 12.6 -6.15 147.26
29.8907 66.0255 73.9191 36.8867 42.0 12.6 -6.13 130.38
29.8907 66.0255 51.7114 11.1673 72.0 12.6 -3.36 152.24
29.8907 66.0255 57.8948 17.2143 78.0 12.6 -5.5 146.81
29.8907 66.0255 37.2676 -3.67 84.0 12.6 -22.26 171.63
29.8907 66.0255 44.8949 -5.1419 48.0 12.6 -10.38 161.2
29.8907 66.0255 73.9777 40.975 42.0 12.6 2.52 126.46
29.8907 66.0255 77.3881 24.3119 48.0 12.6 -6.36 126.76
29.8907 66.0255 51.2336 14.7424 54.0 12.6 -4.65 153.17
29.8907 66.0255 304.7525 -2.4468 54.0 12.6 18.35 -100.38
29.8907 66.0255 84.0347 38.9 42.0 12.6 -7.26 119.96
29.8907 66.0255 28.6805 -1.4376 54.0 12.6 -24.64 179.08
29.8907 66.0255 74.1156 19.1107 84.0 12.6 1.98 126.55
29.8907 66.0255 81.6913 22.568 66.0 12.6 -7.29 122.53
29.8907 66.0255 52.81100000000001 8.2831 66.0 12.6 -5.2 151.8
29.8907 66.0255 39.69 2.1304 78.0 12.6 -14.84 167.31
29.8907 66.0255 51.2768 0.75595 78.0 12.6 -3.69 152.79
20.3368 67.9542 277.1788 83.589 103.2 12.6 1.13 -77.39
20.3368 67.9542 23.3494 76.6228 68.4 12.6 -23.01 -177.23
20.3368 67.9542 23.3494 72.6228 49.2 12.6 -23.01 -177.23
20.3368 67.9542 19.5191 53.0302 79.2 12.6 -20.71 -174.72
20.3368 67.9542 24.0799 53.4353 72.0 12.6 -19.78 -178.44
20.3368 67.9542 23.235 64.6253 78.0 12.6 -19.7 -177.79
20.3368 67.9542 24.1377 57.468 70.8 12.6 -20.46 -178.35
21.988000000000003 68.0493 19.5191 65.0494 57.6 12.6 -20.71 -174.72
21.988000000000003 68.0493 28.6805 75.6833 43.2 12.6 -24.64 179.08
21.988000000000003 68.0493 24.0799 77.4094 50.4 12.6 -19.78 -178.44
21.988000000000003 68.0493 23.235 72.6038 45.6 12.6 -19.7 -177.79
21.988000000000003 68.0493 23.235 62.6038 48.0 12.6 -19.7 -177.79
21.988000000000003 68.0493 20.1741 71.688 62.4 12.6 -19.3 -175.46
21.988000000000003 68.0493 24.1377 79.4527 45.6 12.6 -20.46 -178.35
21.988000000000003 68.0493 23.3643 76.7527 45.6 12.6 -18.08 -178.2
21.988000000000003 68.0493 25.7854 70.8901 60.0 12.6 -26.48 -178.3
21.988000000000003 68.0493 24.6426 83.9276 69.6 12.6 -20.83 -178.67
19.848 65.2856 74.2145 10.0501 49.2 12.6 1.85 126.5
19.848 65.2856 20.1741 55.8888 73.2 12.6 -19.3 -175.46
19.848 65.2856 23.3643 59.0754 74.4 12.6 -18.08 -178.2
19.848 65.2856 18.1382 51.8662 86.4 12.6 -18.03 -174.06
19.848 65.2856 25.7854 79.4345 69.6 12.6 -26.48 -178.3
19.848 65.2856 74.6529 54.4818 75.6 12.6 0.51 126.62
19.848 65.2856 39.69 87.3898 39.6 12.6 -14.84 167.31
19.848 65.2856 74.572 36.4052 61.2 12.6 1.29 126.36
15.5047 58.2232 39.5429 -86.4253 67.2 12.6 -14.34 167.29
15.5047 58.2232 50.7505 84.7632 42.0 12.6 18.73 145.29
15.5047 58.2232 84.0347 23.4768 50.4 12.6 -7.26 119.96
15.5047 58.2232 39.7563 -88.1352 40.8 12.6 -15.1 167.33
15.5047 58.2232 39.69 87.7725 76.8 12.6 -14.84 167.31
15.5047 58.2232 297.6717 70.2534 26.4 12.6 15.88 -93.46
13.542 68.131 50.7505 7.0709 72.0 12.6 18.73 145.29
13.446 55.632 84.0347 -35.6321 54.0 12.6 -7.26 119.96
13.446 55.632 84.0347 -69.6321 51.6 12.6 -7.26 119.96
13.446 55.632 74.3245 -64.2566 52.8 12.6 1.85 126.38
13.446 55.632 279.0407 -53.1102 93.6 12.6 0.43 -79.76
34.6514 67.8979 39.4543 -3.8577 54.0 12.6 -15.78 167.8
34.6514 67.8979 305.432 12.5111 54.0 12.6 18.56 -101.06
34.6514 67.8979 53.8843 7.4492 84.0 12.6 -5.88 150.98
34.6514 67.8979 40.0086 0.58437 60.0 12.6 -14.28 166.86
34.6514 67.8979 298.32599999999996 7.4138 48.0 12.6 16.35 -93.99
34.6514 67.8979 39.6219 2.1916 72.0 12.6 -13.5 166.97
34.6514 67.8979 39.9804 10.4418 72.0 12.6 -11.61 166.09
34.6514 67.8979 51.7114 7.3349 60.0 12.6 -3.36 152.24
34.6514 67.8979 53.5673 29.1418 60.0 12.6 -5.51 151.16
34.6514 67.8979 28.2004 -7.5239 42.0 12.6 -23.31 179.12
34.6514 67.8979 54.4699 8.0125 84.0 12.6 -5.97 150.43
34.6514 67.8979 54.1766 5.7303 78.0 12.6 -5.91 150.7
34.6514 67.8979 54.0572 5.6145 78.0 12.6 -5.75 150.76
34.6514 67.8979 209.4416 2.3246 48.0 12.6 -56.41 -25.74
34.6514 67.8979 298.9711 1.9869999999999999 48.0 12.6 17.21 -94.34
34.6514 67.8979 50.4908 0.20029 72.0 12.6 -6.1 154.41
34.6514 67.8979 210.1284 -6.9575 42.0 12.6 -56.45 -26.85
34.6514 67.8979 211.1882 12.2021 42.0 12.6 -56.01 -28.18
34.6514 67.8979 58.7022 28.0881 54.0 12.6 -7.56 146.8
34.6514 67.8979 29.5283 13.8188 66.0 12.6 -24.98 178.52
34.6514 67.8979 23.3494 -9.8883 48.0 12.6 -23.01 -177.23
34.6514 67.8979 28.4234 -13.2688 54.0 12.6 -23.89 179.09
34.6514 67.8979 303.6367 10.7016 60.0 12.6 18.16 -99.2
34.6514 67.8979 50.2103 11.8987 60.0 12.6 -3.92 153.93
34.6514 67.8979 39.4423 16.1123 48.0 12.6 -15.38 167.69
34.6514 67.8979 50.0838 23.816999999999997 48.0 12.6 -6.45 154.93
34.6514 67.8979 50.0111 23.7504 54.0 12.6 -6.62 155.06
34.6514 67.8979 50.0111 5.7504 66.0 12.6 -6.62 155.06
34.6514 67.8979 44.3292 12.495999999999999 54.0 12.6 -11.45 162.07
34.6514 67.8979 28.6805 -10.9665 36.0 12.6 -24.64 179.08
34.6514 67.8979 39.0385 -4.1798 78.0 12.6 -17.0 168.53
34.6514 67.8979 39.0385 7.8202 54.0 12.6 -17.0 168.53
34.6514 67.8979 52.8598 4.4611 102.0 12.6 -5.39 151.82
34.6514 67.8979 52.8598 6.4611 96.0 12.6 -5.39 151.82
34.6514 67.8979 52.81100000000001 4.4124 84.0 12.6 -5.2 151.8
34.6514 67.8979 52.81100000000001 8.4124 66.0 12.6 -5.2 151.8
34.6514 67.8979 50.7529 12.4672 60.0 12.6 -7.23 154.55
34.6514 67.8979 24.1377 -9.4528 42.0 12.6 -20.46 -178.35
34.6514 67.8979 25.7854 -5.3285 78.0 12.6 -26.48 -178.3
34.6514 67.8979 39.69 10.3155 60.0 12.6 -14.84 167.31
34.6514 67.8979 39.69 2.3155 60.0 12.6 -14.84 167.31
34.6514 67.8979 24.301 -17.1439 36.0 12.6 -22.02 -178.16
34.6514 67.8979 210.273 5.2199 42.0 12.6 -56.2 -26.89
34.6514 67.8979 210.6681 -20.3724 96.0 12.6 -56.28 -27.57
34.6514 67.8979 51.2768 6.9205 72.0 12.6 -3.69 152.79
34.6514 67.8979 51.2768 6.9205 84.0 12.6 -3.69 152.79
34.6514 67.8979 49.8041 17.5462 54.0 12.6 -6.21 155.12
34.6514 67.8979 25.528000000000002 10.0847 66.0 12.6 -23.25 -178.84
34.6514 67.8979 39.5289 14.1557 60.0 12.6 -14.6 167.38
34.6514 67.8979 39.5289 -7.8443 78.0 12.6 -14.6 167.38
34.6514 67.8979 27.8383 -17.7687 54.0 12.6 -24.1 179.59
34.6514 67.8979 51.2934 4.9506 72.0 12.6 -4.79 153.16
34.6514 67.8979 51.2934 6.9506 72.0 12.6 -4.79 153.16
21.9983 67.4569 276.5798 74.461 45.6 12.6 1.93 -76.36
21.9983 67.4569 19.4564 61.2015 58.8 12.6 -17.97 -175.11
21.9983 67.4569 50.7505 16.6924 30.0 12.6 18.73 145.29
21.9983 67.4569 28.6805 75.9874 50.4 12.6 -24.64 179.08
21.9983 67.4569 23.235 50.8267 38.4 12.6 -19.7 -177.79
21.9983 67.4569 24.1377 73.6876 45.6 12.6 -20.46 -178.35
21.9983 67.4569 91.5078 42.9362 39.6 12.6 -9.25 112.69
21.9983 67.4569 77.6891 47.1198 37.2 12.6 -4.58 125.62
24.3958 60.2172 17.0826 62.1294 60.0 12.6 -15.24 -173.61
24.3958 60.2172 15.3263 48.4457 72.0 12.6 -16.59 -172.03
24.3958 60.2172 356.1579 54.31100000000001 72.0 12.6 19.88 -155.93
24.3958 60.2172 94.611 42.7631 42.0 12.6 -5.93 107.68
24.3958 60.2172 76.6137 27.6301 54.0 12.6 -6.11 127.48
24.3958 60.2172 76.6137 47.6301 66.0 12.6 -6.11 127.48
24.3958 60.2172 22.085 63.5906 48.0 12.6 -17.34 -177.31
24.3958 60.2172 73.9991 15.124 54.0 12.6 -5.92 130.2
24.3958 60.2172 73.4134 29.7822 36.0 12.6 1.88 127.36
24.3958 60.2172 85.4312 32.3064 42.0 12.6 -9.13 119.32
24.3958 60.2172 73.9191 33.0696 30.0 12.6 -6.13 130.38
24.3958 60.2172 27.4294 61.0749 60.0 12.6 -17.24 178.34
24.3958 60.2172 16.6044 69.6331 60.0 12.6 -15.27 -173.22
24.3958 60.2172 95.1315 51.4429 42.0 12.6 -8.02 108.09
24.3958 60.2172 72.1536 46.4644 42.0 12.6 3.04 128.22
24.3958 60.2172 75.2592 43.0904 42.0 12.6 6.53 123.25
24.3958 60.2172 73.9777 46.2581 42.0 12.6 2.52 126.46
24.3958 60.2172 77.3881 26.3917 48.0 12.6 -6.36 126.76
24.3958 60.2172 77.3881 32.3917 48.0 12.6 -6.36 126.76
24.3958 60.2172 17.105 60.1596 60.0 12.6 -15.3 -173.62
24.3958 60.2172 73.7641 46.0866 54.0 12.6 2.19 126.84
24.3958 60.2172 19.4564 64.9408 42.0 12.6 -17.97 -175.11
24.3958 60.2172 23.3494 61.7363 48.0 12.6 -23.01 -177.23
24.3958 60.2172 16.9464 59.9871 54.0 12.6 -15.24 -173.5
24.3958 60.2172 84.0347 44.7984 66.0 12.6 -7.26 119.96
24.3958 60.2172 84.0347 36.7984 36.0 12.6 -7.26 119.96
24.3958 60.2172 18.1585 63.3174 66.0 12.6 -15.8 -174.4
24.3958 60.2172 81.6913 32.5742 42.0 12.6 -7.29 122.53
24.3958 60.2172 74.6529 45.1007 60.0 12.6 0.51 126.62
24.3958 60.2172 74.3245 40.6553 48.0 12.6 1.85 126.38
24.3958 60.2172 16.8186 63.8421 56.4 12.6 -15.14 -173.41
24.3958 60.2172 77.6891 38.4992 39.6 12.6 -4.58 125.62
24.3958 60.2172 81.7605 46.638999999999996 69.6 12.6 -7.28 122.45
24.3958 60.2172 78.9021 43.1668 50.4 12.6 0.4 122.03
7.547000000000001 62.5698 75.0362 29.8677 37.2 12.6 6.72 123.41
7.547000000000001 62.5698 24.0799 34.2761 68.4 12.6 -19.78 -178.44
19.0294 65.7875 74.884 45.7714 44.4 12.6 -7.15 129.81
19.0294 65.7875 19.5191 78.0149 103.2 12.6 -20.71 -174.72
19.0294 65.7875 38.5341 86.9253 86.4 12.6 -21.5 170.35
19.0294 65.7875 38.5341 84.9253 82.8 12.6 -21.5 170.35
19.0294 65.7875 28.6805 73.0151 63.6 12.6 -24.64 179.08
19.0294 65.7875 30.2213 66.5143 64.8 12.6 -25.8 178.21
19.0294 65.7875 24.0799 60.5635 72.0 12.6 -19.78 -178.44
19.0294 65.7875 24.0799 60.5635 58.8 12.6 -19.78 -178.44
19.0294 65.7875 24.0799 64.5635 72.0 12.6 -19.78 -178.44
19.0294 65.7875 23.235 49.7257 62.4 12.6 -19.7 -177.79
19.0294 65.7875 74.13600000000001 43.1739 62.4 12.6 1.93 126.55
19.0294 65.7875 75.4922 8.6093 46.8 12.6 6.14 123.17
19.0294 65.7875 81.6913 54.6299 54.0 12.6 -7.29 122.53
19.0294 65.7875 24.1377 44.6055 82.8 12.6 -20.46 -178.35
19.0294 65.7875 23.3643 67.8893 76.8 12.6 -18.08 -178.2
19.0294 65.7875 25.7854 66.0857 70.8 12.6 -26.48 -178.3
29.0402 65.9113 53.8843 12.5442 36.0 12.6 -5.88 150.98
29.0402 65.9113 53.2164 27.8912 54.0 12.6 -5.65 151.56
29.0402 65.9113 72.9192 19.1437 54.0 12.6 2.87 127.46
29.0402 65.9113 51.5729 24.2763 54.0 12.6 -4.81 152.89
29.0402 65.9113 76.6137 28.7841 60.0 12.6 -6.11 127.48
29.0402 65.9113 75.1542 27.3376 54.0 12.6 -7.06 129.48
29.0402 65.9113 75.1542 37.3376 60.0 12.6 -7.06 129.48
29.0402 65.9113 57.6987 8.2507 66.0 12.6 -6.15 147.26
29.0402 65.9113 73.4134 23.6351 60.0 12.6 1.88 127.36
29.0402 65.9113 72.2334 26.46 54.0 12.6 5.15 127.2
29.0402 65.9113 72.8409 21.0674 60.0 12.6 5.36 126.44
29.0402 65.9113 73.6224 35.8431 36.0 12.6 1.75 127.19
29.0402 65.9113 75.0552 21.2897 54.0 12.6 6.74 123.38
29.0402 65.9113 73.9191 22.122 54.0 12.6 -6.13 130.38
29.0402 65.9113 51.7114 26.3708 66.0 12.6 -3.36 152.24
29.0402 65.9113 54.4699 7.114 54.0 12.6 -5.97 150.43
29.0402 65.9113 54.1766 8.8283 48.0 12.6 -5.91 150.7
29.0402 65.9113 75.2592 23.4939 48.0 12.6 6.53 123.25
29.0402 65.9113 57.8948 24.4286 42.0 12.6 -5.5 146.81
29.0402 65.9113 76.4584 22.6857 42.0 12.6 4.08 123.04
29.0402 65.9113 73.9777 30.1989 48.0 12.6 2.52 126.46
29.0402 65.9113 77.3881 21.5489 60.0 12.6 -6.36 126.76
29.0402 65.9113 58.7022 35.251999999999995 54.0 12.6 -7.56 146.8
29.0402 65.9113 51.2336 7.943 42.0 12.6 -4.65 153.17
29.0402 65.9113 73.7641 25.9852 60.0 12.6 2.19 126.84
29.0402 65.9113 276.5798 78.8812 48.0 12.6 1.93 -76.36
29.0402 65.9113 277.1788 59.5147 30.0 12.6 1.13 -77.39
29.0402 65.9113 73.9386 36.1569 42.0 12.6 1.11 127.13
29.0402 65.9113 84.0347 22.1388 66.0 12.6 -7.26 119.96
29.0402 65.9113 74.13600000000001 30.3555 60.0 12.6 1.93 126.55
29.0402 65.9113 74.1156 32.3353 60.0 12.6 1.98 126.55
29.0402 65.9113 81.6913 31.8073 42.0 12.6 -7.29 122.53
29.0402 65.9113 52.81100000000001 3.4867 54.0 12.6 -5.2 151.8
29.0402 65.9113 50.7529 3.5529 78.0 12.6 -7.23 154.55
29.0402 65.9113 74.6529 24.8667 60.0 12.6 0.51 126.62
29.0402 65.9113 74.3245 22.5433 48.0 12.6 1.85 126.38
29.0402 65.9113 81.7605 31.8762 48.0 12.6 -7.28 122.45
29.0402 65.9113 81.7605 23.8762 72.0 12.6 -7.28 122.45
29.0402 65.9113 51.2768 3.958 42.0 12.6 -3.69 152.79
29.0402 65.9113 51.2768 -0.041993 102.0 12.6 -3.69 152.79
29.0402 65.9113 39.5289 19.1033 48.0 12.6 -14.6 167.38
29.0402 65.9113 78.9021 21.1071 84.0 12.6 0.4 122.03
9.1733 56.455 258.8959 -68.3708 60.0 12.6 -21.7 -68.23
9.1733 56.455 270.8558 -75.4552 54.0 12.6 -7.64 -74.53
9.1733 56.455 259.0002 -63.4327 48.0 12.6 -15.36 -65.09
13.1157 66.0951 73.9386 13.4173 61.2 12.6 1.11 127.13
13.1157 66.0951 24.0799 46.955 68.4 12.6 -19.78 -178.44
14.0562 66.1406 24.0799 42.1457 50.4 12.6 -19.78 -178.44
16.5613 66.4717 19.5191 64.6522 52.8 12.6 -20.71 -174.72
16.5613 66.4717 28.6805 73.4832 50.4 12.6 -24.64 179.08
16.5613 66.4717 24.0799 77.2296 43.2 12.6 -19.78 -178.44
16.5613 66.4717 24.0799 81.2296 62.4 12.6 -19.78 -178.44
16.5613 66.4717 24.0799 61.2296 39.6 12.6 -19.78 -178.44
17.5295 66.6073 23.3681 71.5246 61.2 12.6 -23.13 -177.22
17.5295 66.6073 19.5191 53.86 64.8 12.6 -20.71 -174.72
17.5295 66.6073 28.6805 72.6851 52.8 12.6 -24.64 179.08
17.5295 66.6073 24.0799 56.4048 51.6 12.6 -19.78 -178.44
15.4821 65.7581 23.3681 53.1139 78.0 12.6 -23.13 -177.22
15.4821 65.7581 24.0799 66.0712 62.4 12.6 -19.78 -178.44
16.2446 65.9673 19.5191 60.3651 52.8 12.6 -20.71 -174.72
16.2446 65.9673 38.5341 77.4447 55.2 12.6 -21.5 170.35
16.2446 65.9673 28.6805 63.2825 63.6 12.6 -24.64 179.08
16.2446 65.9673 24.0799 50.9807 62.4 12.6 -19.78 -178.44
16.1439 65.207 19.5191 80.4198 70.8 12.6 -20.71 -174.72
16.1439 65.207 38.5341 75.7107 64.8 12.6 -21.5 170.35
16.1439 65.207 18.1585 67.3043 75.6 12.6 -15.8 -174.4
16.1439 65.207 24.0799 77.0849 58.8 12.6 -19.78 -178.44
16.1439 65.207 24.0799 77.0849 61.2 12.6 -19.78 -178.44
16.9557 64.7975 19.5191 63.5942 43.2 12.6 -20.71 -174.72
16.9557 64.7975 24.0799 50.261 56.4 12.6 -19.78 -178.44
17.6128 64.9657 24.0799 71.0486 39.6 12.6 -19.78 -178.44
17.1136 65.1625 19.5191 67.703 45.6 12.6 -20.71 -174.72
17.1136 65.1625 28.6805 66.791 61.2 12.6 -24.64 179.08
17.1136 65.1625 18.1585 66.5255 66.0 12.6 -15.8 -174.4
17.1136 65.1625 24.0799 70.3429 44.4 12.6 -19.78 -178.44
16.1918 65.744 24.0799 48.981 67.2 12.6 -19.78 -178.44
16.1918 65.744 24.0799 64.98100000000001 57.6 12.6 -19.78 -178.44
17.7294 65.6478 19.5191 48.3736 79.2 12.6 -20.71 -174.72
17.7294 65.6478 38.5341 83.4237 38.4 12.6 -21.5 170.35
17.7294 65.6478 28.6805 79.3798 67.2 12.6 -24.64 179.08
14.7075 68.5788 24.0799 64.3532 45.6 12.6 -19.78 -178.44
14.7075 68.5788 23.235 53.5419 49.2 12.6 -19.7 -177.79
14.7075 68.5788 24.1377 64.3406 50.4 12.6 -20.46 -178.35
14.9863 68.3134 19.5191 70.2547 55.2 12.6 -20.71 -174.72
14.9863 68.3134 75.688 8.3397 54.0 12.6 -3.8 127.43
14.9863 68.3134 72.62100000000001 33.8781 60.0 12.6 5.7 126.53
14.9863 68.3134 74.13600000000001 43.1626 49.2 12.6 1.93 126.55
14.9863 68.3134 74.1156 35.1452 67.2 12.6 1.98 126.55
16.5611 68.7839 19.5191 42.1246 60.0 12.6 -20.71 -174.72
16.5611 68.7839 28.6805 60.5568 55.2 12.6 -24.64 179.08
16.5611 68.7839 24.0799 60.5733 60.0 12.6 -19.78 -178.44
16.5611 68.7839 76.2728 26.6396 55.2 12.6 -0.19 125.17
16.5611 68.7839 23.235 45.7665 62.4 12.6 -19.7 -177.79
16.5611 68.7839 74.3245 54.792 103.2 12.6 1.85 126.38
16.5611 68.7839 39.69 74.2572 40.8 12.6 -14.84 167.31
15.5136 68.1033 19.5191 46.9583 63.6 12.6 -20.71 -174.72
15.5136 68.1033 24.0799 71.4662 45.6 12.6 -19.78 -178.44
15.5136 68.1033 78.9295 44.5003 64.8 12.6 0.4 122.0
15.5136 68.1033 24.1377 53.4624 62.4 12.6 -20.46 -178.35
15.5136 68.1033 74.6529 6.1145 52.8 12.6 0.51 126.62
15.9367 67.9662 19.5191 47.519 56.4 12.6 -20.71 -174.72
15.9367 67.9662 74.6529 22.5299 49.2 12.6 0.51 126.62
15.9533 68.4004 24.0799 61.9305 46.8 12.6 -19.78 -178.44
15.9533 68.4004 24.1377 67.9281 45.6 12.6 -20.46 -178.35
15.9533 68.4004 23.3643 65.3765 61.2 12.6 -18.08 -178.2
15.9533 68.4004 39.69 71.7112 69.6 12.6 -14.84 167.31
15.2277 67.76100000000001 73.0574 20.4589 50.4 12.6 3.86 126.87
15.437999999999999 68.7139 19.5191 44.7419 72.0 12.6 -20.71 -174.72
15.437999999999999 68.7139 24.0799 59.2172 50.4 12.6 -19.78 -178.44
15.437999999999999 68.7139 24.1377 51.2091 58.8 12.6 -20.46 -178.35
15.437999999999999 68.7139 74.6529 39.9711 60.0 12.6 0.51 126.62
12.6935 67.6639 74.13600000000001 27.069000000000003 66.0 12.6 1.93 126.55
12.6935 67.6639 74.1156 33.0514 69.6 12.6 1.98 126.55
12.6935 67.6639 81.6913 38.251999999999995 87.6 12.6 -7.29 122.53
12.6935 67.6639 74.6529 25.5054 73.2 12.6 0.51 126.62
12.6935 67.6639 74.3245 23.2576 62.4 12.6 1.85 126.38
14.1976 68.3212 72.62100000000001 5.1399 57.6 12.6 5.7 126.53
14.1976 68.3212 74.13600000000001 4.4176 62.4 12.6 1.93 126.55
14.1976 68.3212 73.0574 29.4514 55.2 12.6 3.86 126.87
13.1862 58.9278 39.7312 -5.4004 60.0 12.6 -15.06 167.34
13.1862 58.9278 51.0993 -5.1896 96.0 12.6 24.4 142.59
13.1862 58.9278 39.7563 -13.3716 49.2 12.6 -15.1 167.33
13.1862 58.9278 40.0248 -1.0432 31.2 12.6 -16.07 167.39
13.1862 58.9278 74.572 9.2291 37.2 12.6 1.29 126.36
14.0306 67.0368 74.2145 36.4732 46.8 12.6 1.85 126.5
14.6364 67.3871 75.688 30.1899 63.6 12.6 -3.8 127.43
14.6364 67.3871 74.6529 33.3762 42.0 12.6 0.51 126.62
13.1199 66.3879 19.5191 56.2241 45.6 12.6 -20.71 -174.72
13.9581 66.8161 74.13600000000001 8.3538 43.2 12.6 1.93 126.55
13.9581 66.8161 74.1156 4.3353 43.2 12.6 1.98 126.55
14.4622 67.1909 53.2774 -1.8474 105.6 12.6 13.76 144.4
14.4622 67.1909 74.6529 9.2376 48.0 12.6 0.51 126.62
14.4622 67.1909 74.3245 6.9737 61.2 12.6 1.85 126.38
13.7354 66.9732 74.6529 -3.4175 72.0 12.6 0.51 126.62
13.0097 66.513 74.6529 11.9638 37.2 12.6 0.51 126.62
13.0097 66.513 74.3245 11.6894 48.0 12.6 1.85 126.38
13.0097 66.513 257.1109 25.8631 49.2 12.6 -30.65 -71.37
10.7774 61.0307 91.3024 -40.2171 42.0 12.6 -8.19 112.41
10.7774 61.0307 95.7416 -39.9144 45.0 12.6 -7.78 107.3
10.7774 61.0307 84.0347 -75.4436 42.0 12.6 -7.26 119.96
10.7629 61.2759 91.3024 -46.2852 45.0 12.6 -8.19 112.41
10.7629 61.2759 276.3069 -46.0993 36.0 12.6 -1.29 -77.55
10.7629 61.2759 276.097 -48.3002 48.0 12.6 -1.27 -77.31
11.369000000000002 61.2251 95.7416 -37.4284 54.0 12.6 -7.78 107.3
11.369000000000002 61.2251 274.6915 -59.4046 51.0 12.6 -5.08 -77.54
11.369000000000002 61.2251 276.097 -67.7691 60.0 12.6 -1.27 -77.31
11.369000000000002 61.2251 270.8558 -83.2706 93.0 12.6 -7.64 -74.53
11.369000000000002 61.2251 270.2781 -65.8782 51.0 12.6 -8.41 -74.26
11.7153 61.1128 95.7416 -25.1055 63.0 12.6 -7.78 107.3
11.5414 60.7353 258.6568 38.1953 45.0 12.6 -22.15 -68.2
19.0347 67.8673 73.7641 32.639 43.2 12.6 2.19 126.84
19.0347 67.8673 19.4564 53.4791 69.6 12.6 -17.97 -175.11
19.0347 67.8673 23.3494 79.01 90.0 12.6 -23.01 -177.23
19.0347 67.8673 73.9386 16.7577 73.2 12.6 1.11 127.13
19.0347 67.8673 19.5191 49.4302 75.6 12.6 -20.71 -174.72
19.0347 67.8673 72.62100000000001 17.6642 48.0 12.6 5.7 126.53
19.0347 67.8673 24.0799 57.8711 51.6 12.6 -19.78 -178.44
19.0347 67.8673 24.0799 55.8711 67.2 12.6 -19.78 -178.44
19.0347 67.8673 24.0799 59.8711 64.8 12.6 -19.78 -178.44
19.0347 67.8673 74.1156 8.9861 72.0 12.6 1.98 126.55
19.0347 67.8673 81.6913 42.1993 51.6 12.6 -7.29 122.53
19.0347 67.8673 77.6891 26.2663 56.4 12.6 -4.58 125.62
14.8573 63.4428 276.5798 -38.0483 44.4 12.6 1.93 -76.36
14.8573 63.4428 277.1788 -51.4847 55.2 12.6 1.13 -77.39
14.8573 63.4428 81.7605 -48.6098 46.8 12.6 -7.28 122.45
14.8573 63.4428 81.7605 -76.6098 60.0 12.6 -7.28 122.45
15.0401 59.5704 24.0799 69.5528 76.8 12.6 -19.78 -178.44
15.0401 59.5704 23.235 62.6121 72.0 12.6 -19.7 -177.79
15.0401 59.5704 39.69 76.4913 57.6 12.6 -14.84 167.31
15.0401 59.5704 40.0248 86.9091 36.0 12.6 -16.07 167.39
18.6308 59.6769 24.3291 64.877 49.2 12.6 -21.15 -178.36
18.6308 59.6769 39.5429 -89.4621 57.6 12.6 -14.34 167.29
18.6308 59.6769 50.7505 -8.5583 42.0 12.6 18.73 145.29
18.6308 59.6769 39.7563 -87.17399999999999 39.6 12.6 -15.1 167.33
18.6308 59.6769 39.0385 -75.7503 45.6 12.6 -17.0 168.53
18.6308 59.6769 39.69 78.7342 25.2 12.6 -14.84 167.31
18.6308 59.6769 51.2768 -4.4087 75.6 12.6 -3.69 152.79
11.9673 64.5307 16.6044 60.5974 55.2 12.6 -15.27 -173.22
11.9673 64.5307 76.4584 -76.8441 33.6 12.6 4.08 123.04
9.7362 63.4946 15.3263 38.3177 26.4 12.6 -16.59 -172.03
9.7362 63.4946 256.538 13.2761 72.0 12.6 -22.15 -65.78
7.1518 62.7815 15.3263 32.9134 45.6 12.6 -16.59 -172.03
6.9239999999999995 60.576 39.5294 -8.3109 55.2 12.6 -15.6 167.68
6.9239999999999995 60.576 51.9207 2.3352 48.0 12.6 22.0 142.65
6.9239999999999995 60.576 50.6294 -3.0205 64.8 12.6 18.9 145.36
6.9239999999999995 60.576 39.7359 -28.489 40.8 12.6 -20.07 168.89
8.2907 60.618 256.538 7.4683 50.4 12.6 -22.15 -65.78
11.815 59.8529 15.3263 71.3716 48.0 12.6 -16.59 -172.03
11.815 59.8529 39.5294 74.2151 38.4 12.6 -15.6 167.68
11.815 59.8529 94.611 43.916000000000004 31.2 12.6 -5.93 107.68
11.815 59.8529 39.7359 88.4358 38.4 12.6 -20.07 168.89
6.5938 59.9526 53.8843 -16.2372 52.8 12.6 -5.88 150.98
6.5938 59.9526 39.5294 -4.4832 74.4 12.6 -15.6 167.68
6.5938 59.9526 51.9207 2.0499 69.6 12.6 22.0 142.65
6.5938 59.9526 50.6294 -17.2885 64.8 12.6 18.9 145.36
6.5938 59.9526 39.7359 -8.6434 67.2 12.6 -20.07 168.89
6.5938 59.9526 54.8258 8.8848 67.2 12.6 12.52 143.18
5.2414 59.2681 15.3263 -57.8556 67.2 12.6 -16.59 -172.03
5.2414 59.2681 267.6925 -47.7089 79.2 12.6 -8.13 -71.27
9.0357 58.7485 50.485 4.7693 67.2 12.6 20.99 144.7
9.0357 58.7485 51.9207 -9.8306 55.2 12.6 22.0 142.65
9.0357 58.7485 211.0875 -17.4549 93.6 12.6 -56.02 -28.03
7.4186 58.6201 15.3263 -22.7892 100.8 12.6 -16.59 -172.03
7.4186 58.6201 50.485 -14.6379 79.2 12.6 20.99 144.7
7.4186 58.6201 39.6157 -12.9676 64.8 12.6 -19.94 168.95
7.4186 58.6201 39.7359 -30.8341 88.8 12.6 -20.07 168.89
7.4186 58.6201 40.3452 -25.7359 67.2 12.6 -11.61 165.76
7.4186 58.6201 39.7066 -26.4444 62.4 12.6 -11.38 166.27
7.4186 58.6201 54.8258 -12.1913 45.6 12.6 12.52 143.18
7.4186 58.6201 39.5294 -6.8366 81.6 12.6 -15.6 167.68
7.4186 58.6201 211.0875 -22.4428 72.0 12.6 -56.02 -28.03
7.4186 58.6201 51.9207 -11.2215 50.4 12.6 22.0 142.65
5.6824 58.7424 83.8759 -51.5457 52.8 12.6 -7.21 120.11
6.6196 58.1312 39.1596 -10.3002 50.4 12.6 -18.87 169.0
6.6196 58.1312 53.8843 12.5032 57.6 12.6 -5.88 150.98
6.6196 58.1312 50.485 6.6807 52.8 12.6 20.99 144.7
6.6196 58.1312 39.5294 0.32955 72.0 12.6 -15.6 167.68
6.6196 58.1312 39.7066 -5.2524 55.2 12.6 -11.38 166.27
6.6196 58.1312 51.9207 16.0981 79.2 12.6 22.0 142.65
6.6196 58.1312 39.7359 -21.695 48.0 12.6 -20.07 168.89
6.6196 58.1312 39.7359 -17.695 60.0 12.6 -20.07 168.89
6.6196 58.1312 39.7658 -31.6666 69.6 12.6 -20.18 168.9
6.6196 58.1312 211.0875 -27.0109 117.6 12.6 -56.02 -28.03
6.6196 58.1312 54.8258 11.1344 60.0 12.6 12.52 143.18
6.6196 58.1312 44.8649 -1.4028 62.4 12.6 -10.51 161.27
7.3859 59.4949 39.7359 -19.3315 74.4 12.6 -20.07 168.89
18.0042 59.0047 39.5429 78.157 31.2 12.6 -14.34 167.29
18.0042 59.0047 39.4423 -83.8506 66.0 12.6 -15.38 167.69
18.0042 59.0047 39.7312 -89.5778 74.4 12.6 -15.06 167.34
18.0042 59.0047 24.0799 59.9619 37.2 12.6 -19.78 -178.44
18.0042 59.0047 24.0799 83.9619 114.0 12.6 -19.78 -178.44
18.0042 59.0047 39.7563 86.4524 19.2 12.6 -15.1 167.33
18.0042 59.0047 39.0385 85.8826 78.0 12.6 -17.0 168.53
18.0042 59.0047 40.0776 78.7179 66.0 12.6 -14.35 166.82
6.627999999999999 59.912 39.5289 3.6568 70.8 12.6 -14.6 167.38
6.627999999999999 59.912 78.9021 15.472999999999999 51.6 12.6 0.4 122.03
6.627999999999999 59.912 53.1251 1.0062 70.8 12.6 -5.4 151.56
6.627999999999999 59.912 39.0164 -7.2874 82.8 12.6 -18.8 169.1
20.7162 64.4085 19.4564 82.5468 84.0 12.6 -17.97 -175.11
20.7162 64.4085 28.6805 73.9381 25.2 12.6 -24.64 179.08
20.7162 64.4085 18.1585 65.2093 39.6 12.6 -15.8 -174.4
20.7162 64.4085 24.0799 75.2231 63.6 12.6 -19.78 -178.44
20.7162 64.4085 23.235 78.373 45.6 12.6 -19.7 -177.79
20.7162 64.4085 18.1382 61.2223 45.6 12.6 -18.03 -174.06
20.7162 64.4085 258.8631 -82.7721 102.0 12.6 -26.11 -70.65
11.9177 57.3965 74.6117 -76.6209 70.8 12.6 -6.53 129.82
11.9177 57.3965 39.5429 -12.4349 51.6 12.6 -14.34 167.29
11.9177 57.3965 277.1788 -37.9742 44.4 12.6 1.13 -77.39
11.9177 57.3965 51.0993 -24.2921 75.6 12.6 24.4 142.59
11.9177 57.3965 81.6913 -59.6694 45.6 12.6 -7.29 122.53
11.9177 57.3965 99.4842 -39.674 28.8 12.6 -2.21 100.57
11.9177 57.3965 50.6127 -16.4441 38.4 12.6 18.51 145.53
16.0994 57.1947 50.7505 13.3147 22.8 12.6 18.73 145.29
16.0994 57.1947 39.806 -72.9338 97.2 12.6 -13.58 166.83
17.1342 60.2298 304.7525 76.531 46.8 12.6 18.35 -100.38
17.1342 60.2298 50.7505 76.137 57.6 12.6 18.73 145.29
17.1342 60.2298 39.4423 -75.5601 73.2 12.6 -15.38 167.69
17.1342 60.2298 16.9464 52.417 43.2 12.6 -15.24 -173.5
17.1342 60.2298 39.7563 -79.2474 44.4 12.6 -15.1 167.33
17.1342 60.2298 39.0385 -75.8862 62.4 12.6 -17.0 168.53
17.1342 60.2298 52.8185 -76.439 58.8 12.6 -5.47 151.89
17.1342 60.2298 74.6529 -71.319 39.6 12.6 0.51 126.62
17.1342 60.2298 297.6717 53.504 54.0 12.6 15.88 -93.46
17.1342 60.2298 40.0248 -80.9065 78.0 12.6 -16.07 167.39
17.1342 60.2298 81.7605 -59.7569 36.0 12.6 -7.28 122.45
17.1342 60.2298 39.958 -82.9804 78.0 12.6 -16.01 167.43
24.7314 64.3673 51.2336 -85.848 48.0 12.6 -4.65 153.17
24.7314 64.3673 19.4564 83.62100000000001 108.0 12.6 -17.97 -175.11
24.7314 64.3673 50.7505 6.906000000000001 72.0 12.6 18.73 145.29
24.7314 64.3673 19.5191 75.8746 90.0 12.6 -20.71 -174.72
24.7314 64.3673 38.5341 84.5485 66.0 12.6 -21.5 170.35
24.7314 64.3673 18.1585 76.1961 84.0 12.6 -15.8 -174.4
24.7314 64.3673 24.0799 78.3031 66.0 12.6 -19.78 -178.44
24.7314 64.3673 20.1741 -85.5793 132.0 12.6 -19.3 -175.46
24.7314 64.3673 23.3643 79.4843 66.0 12.6 -18.08 -178.2
25.8964 65.0853 23.7873 73.137 66.0 12.6 -19.93 -178.18
25.8964 65.0853 15.3263 68.6559 78.0 12.6 -16.59 -172.03
25.8964 65.0853 53.8843 31.7151 72.0 12.6 -5.88 150.98
25.8964 65.0853 94.611 53.9355 48.0 12.6 -5.93 107.68
25.8964 65.0853 17.7322 81.3148 84.0 12.6 -20.77 -173.34
25.8964 65.0853 22.085 73.3054 72.0 12.6 -17.34 -177.31
25.8964 65.0853 73.9991 47.4548 54.0 12.6 -5.92 130.2
25.8964 65.0853 73.4134 48.7988 54.0 12.6 1.88 127.36
25.8964 65.0853 18.5823 66.2284 66.0 12.6 -21.86 -173.82
25.8964 65.0853 208.2563 75.7894 30.0 12.6 -60.2 -26.86
25.8964 65.0853 263.9153 -54.7551 18.0 12.6 -15.04 -70.44
25.8964 65.0853 85.4312 64.7773 48.0 12.6 -9.13 119.32
25.8964 65.0853 80.8031 44.1877 54.0 12.6 -7.15 123.43
25.8964 65.0853 80.8031 50.1877 54.0 12.6 -7.15 123.43
25.8964 65.0853 75.0552 58.3882 72.0 12.6 6.74 123.38
25.8964 65.0853 73.9191 53.3779 54.0 12.6 -6.13 130.38
25.8964 65.0853 27.4294 74.4919 60.0 12.6 -17.24 178.34
25.8964 65.0853 38.0438 75.033 48.0 12.6 -22.15 170.96
25.8964 65.0853 28.2004 77.6472 66.0 12.6 -23.31 179.12
25.8964 65.0853 75.2592 36.5936 60.0 12.6 6.53 123.25
25.8964 65.0853 17.9407 69.2671 66.0 12.6 -17.37 -174.0
25.8964 65.0853 76.4584 45.8085 48.0 12.6 4.08 123.04
25.8964 65.0853 24.4232 65.7817 78.0 12.6 -20.33 -178.6
25.8964 65.0853 27.5158 81.0231 72.0 12.6 -23.78 179.76
25.8964 65.0853 27.5158 77.0231 72.0 12.6 -23.78 179.76
25.8964 65.0853 21.5229 60.7038 90.0 12.6 -16.52 -177.0
25.8964 65.0853 77.3881 60.8051 54.0 12.6 -6.36 126.76
25.8964 65.0853 77.3881 50.8051 60.0 12.6 -6.36 126.76
25.8964 65.0853 259.0002 -77.7175 60.0 12.6 -15.36 -65.09
25.8964 65.0853 21.4979 80.9336 66.0 12.6 -20.19 -176.34
25.8964 65.0853 24.3291 71.7495 72.0 12.6 -21.15 -178.36
25.8964 65.0853 73.7641 53.144 54.0 12.6 2.19 126.84
25.8964 65.0853 19.4564 74.7879 84.0 12.6 -17.97 -175.11
25.8964 65.0853 23.3494 76.9426 66.0 12.6 -23.01 -177.23
25.8964 65.0853 73.9386 45.3276 54.0 12.6 1.11 127.13
25.8964 65.0853 16.9464 78.15 132.0 12.6 -15.24 -173.5
25.8964 65.0853 84.0347 49.391000000000005 36.0 12.6 -7.26 119.96
25.8964 65.0853 19.5191 75.0493 84.0 12.6 -20.71 -174.72
25.8964 65.0853 28.6805 82.2098 54.0 12.6 -24.64 179.08
25.8964 65.0853 20.2724 75.65 84.0 12.6 -18.92 -175.6
25.8964 65.0853 53.2774 40.6214 96.0 12.6 13.76 144.4
25.8964 65.0853 23.235 74.5849 60.0 12.6 -19.7 -177.79
25.8964 65.0853 74.13600000000001 37.5159 48.0 12.6 1.93 126.55
25.8964 65.0853 73.5257 50.9064 66.0 12.6 2.28 127.06
25.8964 65.0853 74.1156 35.4952 48.0 12.6 1.98 126.55
25.8964 65.0853 81.6913 49.0678 30.0 12.6 -7.29 122.53
25.8964 65.0853 24.1377 71.5143 78.0 12.6 -20.46 -178.35
25.8964 65.0853 23.3643 72.5991 60.0 12.6 -18.08 -178.2
25.8964 65.0853 25.7854 71.5783 66.0 12.6 -26.48 -178.3
25.8964 65.0853 74.6529 40.042 36.0 12.6 0.51 126.62
25.8964 65.0853 74.3245 45.7039 54.0 12.6 1.85 126.38
25.8964 65.0853 85.5592 34.9042 36.0 12.6 -9.59 119.4
25.8964 65.0853 24.301 77.7867 72.0 12.6 -22.02 -178.16
25.8964 65.0853 77.6891 47.0911 54.0 12.6 -4.58 125.62
25.8964 65.0853 81.7605 37.1364 48.0 12.6 -7.28 122.45
25.8964 65.0853 23.8817 75.2229 48.0 12.6 -19.85 -178.27
25.8964 65.0853 39.5289 80.071 42.0 12.6 -14.6 167.38
25.8964 65.0853 78.9021 42.2656 36.0 12.6 0.4 122.03
23.968000000000004 55.5052 39.5429 -84.8344 48.0 12.6 -14.34 167.29
23.968000000000004 55.5052 39.4423 79.3173 66.0 12.6 -15.38 167.69
23.968000000000004 55.5052 39.4865 -87.0026 66.0 12.6 -13.87 167.2
23.968000000000004 55.5052 39.7312 83.5288 90.0 12.6 -15.06 167.34
23.968000000000004 55.5052 261.2517 -68.1694 54.0 12.6 -18.38 -69.15
23.968000000000004 55.5052 39.69 83.4338 66.0 12.6 -14.84 167.31
23.968000000000004 55.5052 40.0776 -76.296 48.0 12.6 -14.35 166.82
23.968000000000004 55.5052 39.5289 77.214 48.0 12.6 -14.6 167.38
23.113000000000003 67.024 19.4564 48.6914 66.0 12.6 -17.97 -175.11
23.113000000000003 67.024 84.0347 44.5399 38.4 12.6 -7.26 119.96
23.113000000000003 67.024 19.5191 58.7907 61.2 12.6 -20.71 -174.72
23.113000000000003 67.024 23.235 74.3503 123.6 12.6 -19.7 -177.79
23.113000000000003 67.024 23.235 78.3503 99.6 12.6 -19.7 -177.79
23.113000000000003 67.024 73.827 12.6162 85.2 12.6 4.19 125.88
23.113000000000003 67.024 24.1377 47.2254 81.6 12.6 -20.46 -178.35
23.113000000000003 67.024 74.6529 9.3346 60.0 12.6 0.51 126.62
23.113000000000003 67.024 24.6426 77.7137 87.6 12.6 -20.83 -178.67
23.113000000000003 67.024 24.301 59.3956 84.0 12.6 -22.02 -178.16
23.113000000000003 67.024 51.2768 -2.1676 64.8 12.6 -3.69 152.79
23.113000000000003 67.024 51.2768 3.8324 94.8 12.6 -3.69 152.79
21.9294 56.0236 39.5946 -81.3815 36.0 12.6 -14.66 167.34
21.9294 56.0236 39.5289 -73.4613 48.0 12.6 -14.6 167.38
30.316999999999997 59.766999999999996 72.5979 19.7718 84.0 12.6 5.51 126.64
30.316999999999997 59.766999999999996 51.5108 15.3609 54.0 12.6 -5.23 153.1
30.316999999999997 59.766999999999996 73.5458 33.1126 84.0 12.6 1.69 127.3
30.316999999999997 59.766999999999996 74.1003 55.8055 72.0 12.6 0.22 127.35
30.316999999999997 59.766999999999996 57.5363 20.8653 72.0 12.6 10.93 140.84
30.316999999999997 59.766999999999996 39.7359 20.9681 36.0 12.6 -20.07 168.89
30.316999999999997 59.766999999999996 39.6157 12.8263 42.0 12.6 -19.94 168.95
30.316999999999997 59.766999999999996 54.8258 14.0965 60.0 12.6 12.52 143.18
30.316999999999997 59.766999999999996 57.6987 33.2794 54.0 12.6 -6.15 147.26
30.316999999999997 59.766999999999996 57.6987 29.2794 72.0 12.6 -6.15 147.26
30.316999999999997 59.766999999999996 73.4134 34.9655 48.0 12.6 1.88 127.36
30.316999999999997 59.766999999999996 73.9191 36.3801 42.0 12.6 -6.13 130.38
30.316999999999997 59.766999999999996 77.3881 33.6471 48.0 12.6 -6.36 126.76
30.316999999999997 59.766999999999996 38.9751 26.3892 36.0 12.6 -20.67 169.72
30.316999999999997 59.766999999999996 58.7022 22.4151 48.0 12.6 -7.56 146.8
30.316999999999997 59.766999999999996 51.2336 19.0157 54.0 12.6 -4.65 153.17
30.316999999999997 59.766999999999996 51.2336 17.0157 48.0 12.6 -4.65 153.17
30.316999999999997 59.766999999999996 50.7505 21.4288 72.0 12.6 18.73 145.29
30.316999999999997 59.766999999999996 77.6891 33.7273 48.0 12.6 -4.58 125.62
30.316999999999997 59.766999999999996 51.2768 12.9168 54.0 12.6 -3.69 152.79
30.316999999999997 59.766999999999996 51.2768 12.9168 66.0 12.6 -3.69 152.79
25.859 60.5454 17.105 67.9116 66.0 12.6 -15.3 -173.62
25.859 60.5454 19.4564 68.7022 78.0 12.6 -17.97 -175.11
25.859 60.5454 23.3243 73.5893 48.0 12.6 -23.56 -177.1
25.859 60.5454 27.4294 80.7108 60.0 12.6 -17.24 178.34
25.859 60.5454 28.2004 74.494 48.0 12.6 -23.31 179.12
25.859 60.5454 39.8685 -8.7823 54.0 12.6 -18.31 168.22
25.859 60.5454 51.0993 29.4611 84.0 12.6 24.4 142.59
25.859 60.5454 50.6127 5.5674 60.0 12.6 18.51 145.53
25.859 60.5454 50.7505 1.6788 66.0 12.6 18.73 145.29
25.859 60.5454 51.2768 -7.5848 66.0 12.6 -3.69 152.79
25.859 60.5454 51.2768 6.4152 108.0 12.6 -3.69 152.79
25.859 60.5454 51.2768 -7.5848 84.0 12.6 -3.69 152.79
25.859 60.5454 54.8258 8.1987 84.0 12.6 12.52 143.18
25.859 60.5454 57.6987 22.8523 120.0 12.6 -6.15 147.26
25.859 60.5454 73.4134 41.0407 36.0 12.6 1.88 127.36
25.859 60.5454 73.7641 35.3465 54.0 12.6 2.19 126.84
25.859 60.5454 74.1156 15.7024 54.0 12.6 1.98 126.55
25.859 60.5454 74.13600000000001 29.7266 48.0 12.6 1.93 126.55
25.859 60.5454 75.0552 16.1528 66.0 12.6 6.74 123.38
25.859 60.5454 73.9191 30.2976 42.0 12.6 -6.13 130.38
25.859 60.5454 74.6529 40.355 30.0 12.6 0.51 126.62
25.859 60.5454 77.3881 27.6164 36.0 12.6 -6.36 126.76
25.859 60.5454 81.7605 19.8596 66.0 12.6 -7.28 122.45
25.859 60.5454 84.0347 56.0214 36.0 12.6 -7.26 119.96
25.859 60.5454 84.0347 44.0214 36.0 12.6 -7.26 119.96
25.859 60.5454 95.1315 28.6873 42.0 12.6 -8.02 108.09
25.859 60.5454 95.7416 63.2544 30.0 12.6 -7.78 107.3
25.859 60.5454 251.2041 16.2407 84.0 12.6 -28.4 -63.07
21.7679 61.0227 54.8258 -9.4366 72.0 12.6 12.52 143.18
21.7679 61.0227 263.9153 -57.5144 24.0 12.6 -15.04 -70.44
21.7679 61.0227 75.0552 20.6009 36.0 12.6 6.74 123.38
21.7679 61.0227 75.2592 10.8143 42.0 12.6 6.53 123.25
21.7679 61.0227 17.105 66.4683 42.0 12.6 -15.3 -173.62
21.7679 61.0227 51.2336 2.2924 66.0 12.6 -4.65 153.17
21.7679 61.0227 50.7505 -3.8310000000000004 48.0 12.6 18.73 145.29
21.7679 61.0227 18.1585 71.6047 36.0 12.6 -15.8 -174.4
21.7679 61.0227 23.3643 65.2145 18.0 12.6 -18.08 -178.2
21.7679 61.0227 50.6127 -1.9504 40.8 12.6 18.51 145.53
21.7679 61.0227 81.7605 20.1741 79.2 12.6 -7.28 122.45
19.5913 67.8234 19.4564 60.1691 74.4 12.6 -17.97 -175.11
19.5913 67.8234 23.3494 69.7298 80.4 12.6 -23.01 -177.23
19.5913 67.8234 73.9386 29.2833 57.6 12.6 1.11 127.13
19.5913 67.8234 84.0347 31.1262 32.4 12.6 -7.26 119.96
19.5913 67.8234 24.0799 74.5676 63.6 12.6 -19.78 -178.44
19.5913 67.8234 24.0799 54.5676 81.6 12.6 -19.78 -178.44
19.5913 67.8234 23.235 67.7548 68.4 12.6 -19.7 -177.79
19.5913 67.8234 74.1156 9.5098 88.8 12.6 1.98 126.55
19.5913 67.8234 74.6529 25.9793 27.6 12.6 0.51 126.62
19.5913 67.8234 74.3245 41.7159 37.2 12.6 1.85 126.38
19.5913 67.8234 24.301 62.6881 91.2 12.6 -22.02 -178.16
19.5913 67.8234 77.6891 34.7985 32.4 12.6 -4.58 125.62
19.5913 67.8234 81.7605 44.8022 46.8 12.6 -7.28 122.45
26.0135 66.609 75.1542 48.3952 36.0 12.6 -7.06 129.48
26.0135 66.609 17.7322 72.8556 78.0 12.6 -20.77 -173.34
26.0135 66.609 39.4336 87.5161 54.0 12.6 -19.96 169.11
26.0135 66.609 73.4134 48.8299 30.0 12.6 1.88 127.36
26.0135 66.609 18.5823 71.7282 66.0 12.6 -21.86 -173.82
26.0135 66.609 95.7416 75.0641 48.0 12.6 -7.78 107.3
26.0135 66.609 93.7806 50.992 36.0 12.6 -10.2 110.63
26.0135 66.609 21.3255 66.2496 60.0 12.6 -20.11 -176.22
26.0135 66.609 28.2004 70.9378 54.0 12.6 -23.31 179.12
26.0135 66.609 276.097 71.7673 42.0 12.6 -1.27 -77.31
26.0135 66.609 27.5158 88.3101 48.0 12.6 -23.78 179.76
26.0135 66.609 27.5158 -89.6899 66.0 12.6 -23.78 179.76
26.0135 66.609 27.5158 66.3101 72.0 12.6 -23.78 179.76
26.0135 66.609 77.3881 38.6407 30.0 12.6 -6.36 126.76
26.0135 66.609 25.9561 78.7316 66.0 12.6 -21.61 -179.53
26.0135 66.609 21.4979 74.4181 72.0 12.6 -20.19 -176.34
26.0135 66.609 24.4483 67.263 60.0 12.6 -20.87 -178.51
26.0135 66.609 276.5798 50.1364 42.0 12.6 1.93 -76.36
26.0135 66.609 20.8389 79.8093 54.0 12.6 -20.58 -175.76
26.0135 66.609 23.3494 88.323 78.0 12.6 -23.01 -177.23
26.0135 66.609 73.9386 39.3426 42.0 12.6 1.11 127.13
26.0135 66.609 84.0347 39.2768 30.0 12.6 -7.26 119.96
26.0135 66.609 19.5191 66.5573 72.0 12.6 -20.71 -174.72
26.0135 66.609 28.6805 77.4512 72.0 12.6 -24.64 179.08
26.0135 66.609 30.2213 76.9578 54.0 12.6 -25.8 178.21
26.0135 66.609 23.235 68.05199999999999 90.0 12.6 -19.7 -177.79
26.0135 66.609 23.235 72.05199999999999 48.0 12.6 -19.7 -177.79
26.0135 66.609 81.6913 52.9249 42.0 12.6 -7.29 122.53
26.0135 66.609 20.1741 89.1093 66.0 12.6 -19.3 -175.46
26.0135 66.609 24.1377 76.9482 66.0 12.6 -20.46 -178.35
26.0135 66.609 23.3643 66.1022 72.0 12.6 -18.08 -178.2
26.0135 66.609 74.6529 56.0477 48.0 12.6 0.51 126.62
26.0135 66.609 74.3245 41.7443 24.0 12.6 1.85 126.38
26.0135 66.609 256.7299 30.8917 54.0 12.6 -31.75 -71.63
26.0135 66.609 85.5592 34.7381 42.0 12.6 -9.59 119.4
26.0135 66.609 24.301 83.1773 72.0 12.6 -22.02 -178.16
26.0135 66.609 89.2738 60.4081 78.0 12.6 -11.47 116.23
26.0135 66.609 81.7605 52.9945 48.0 12.6 -7.28 122.45
26.0135 66.609 23.8817 82.676 72.0 12.6 -19.85 -178.27
26.0135 66.609 23.8817 66.676 72.0 12.6 -19.85 -178.27
26.0135 66.609 23.8817 84.676 78.0 12.6 -19.85 -178.27
26.0135 66.609 93.7483 69.1515 54.0 12.6 -4.92 108.16
26.0135 66.609 39.5289 -74.5006 36.0 12.6 -14.6 167.38
26.0135 66.609 39.5289 67.4994 78.0 12.6 -14.6 167.38
15.814 61.42 39.7563 86.5741 48.0 12.6 -15.1 167.33
15.814 61.42 52.8598 -86.18299999999999 50.4 12.6 -5.39 151.82
15.814 61.42 50.7529 85.7346 84.0 12.6 -7.23 154.55
25.8169 71.1111 52.8598 8.9867 48.0 12.6 -5.39 151.82
25.8169 71.1111 50.7529 4.7681 58.8 12.6 -7.23 154.55
25.8169 71.1111 74.3245 7.404 75.6 12.6 1.85 126.38
29.0668 70.5034 51.2768 26.8953 42.0 12.6 -3.69 152.79
25.4769 70.3191 50.2103 12.3125 66.0 12.6 -3.92 153.93
25.4769 70.3191 44.3292 -5.8664 72.0 12.6 -11.45 162.07
25.4769 70.3191 52.8598 18.8433 60.0 12.6 -5.39 151.82
25.4769 70.3191 52.81100000000001 4.8071 48.0 12.6 -5.2 151.8
25.4769 70.3191 50.7529 14.6467 66.0 12.6 -7.23 154.55
25.4769 70.3191 51.2768 7.3817 66.0 12.6 -3.69 152.79
25.4769 70.3191 39.5289 -2.6359 36.0 12.6 -14.6 167.38
25.4769 70.3191 51.2934 9.3309 54.0 12.6 -4.79 153.16
31.0994 70.3712 74.3245 32.4057 42.0 12.6 1.85 126.38
20.9731 70.0378 73.827 30.5654 82.8 12.6 4.19 125.88
20.9731 70.0378 24.1377 47.5388 54.0 12.6 -20.46 -178.35
20.9731 70.0378 74.3245 24.866 76.8 12.6 1.85 126.38
20.9731 70.0378 73.0574 33.7413 66.0 12.6 3.86 126.87
20.9731 70.0378 85.5592 33.3729 93.6 12.6 -9.59 119.4
20.7599 70.1343 24.0799 61.236000000000004 63.6 12.6 -19.78 -178.44
20.7599 70.1343 74.13600000000001 24.4717 81.6 12.6 1.93 126.55
20.7599 70.1343 81.6913 27.3817 70.8 12.6 -7.29 122.53
23.3737 70.1272 50.7529 8.5724 69.6 12.6 -7.23 154.55
22.0623 69.7642 24.0799 46.9024 68.4 12.6 -19.78 -178.44
22.0623 69.7642 73.0574 20.7742 87.6 12.6 3.86 126.87
30.0391 69.4536 38.5341 -4.3599 84.0 12.6 -21.5 170.35
30.0391 69.4536 30.2213 -9.883 58.8 12.6 -25.8 178.21
30.0391 69.4536 51.8876 20.6481 70.8 12.6 -4.76 152.56
30.0391 69.4536 52.8598 11.5778 55.2 12.6 -5.39 151.82
30.0391 69.4536 52.81100000000001 13.5363 57.6 12.6 -5.2 151.8
30.0391 69.4536 50.7529 25.4683 61.2 12.6 -7.23 154.55
18.9144 68.9731 23.230999999999998 56.3746 96.0 12.6 -23.01 -177.14
18.9144 68.9731 75.688 19.9619 42.0 12.6 -3.8 127.43
18.9144 68.9731 26.1447 50.5785 66.0 12.6 -30.12 -177.67
18.9144 68.9731 81.6913 7.8594 84.0 12.6 -7.29 122.53
18.9144 68.9731 77.6891 25.9569 30.0 12.6 -4.58 125.62
18.8368 68.3491 19.5191 51.0556 84.0 12.6 -20.71 -174.72
18.8368 68.3491 24.0799 47.4772 78.0 12.6 -19.78 -178.44
18.8368 68.3491 24.0799 45.4772 96.0 12.6 -19.78 -178.44
18.8368 68.3491 23.235 42.6689 78.0 12.6 -19.7 -177.79
18.8368 68.3491 23.235 42.6689 96.0 12.6 -19.7 -177.79
18.8368 68.3491 23.235 42.6689 90.0 12.6 -19.7 -177.79
18.8368 68.3491 24.1377 47.496 90.0 12.6 -20.46 -178.35
18.8368 68.3491 23.3643 56.8762 78.0 12.6 -18.08 -178.2
18.8368 68.3491 74.3245 28.969 36.0 12.6 1.85 126.38
18.8368 68.3491 81.7605 33.9854 48.0 12.6 -7.28 122.45
18.8368 68.3491 23.8817 49.2828 84.0 12.6 -19.85 -178.27
18.8368 68.3491 23.8817 45.2828 96.0 12.6 -19.85 -178.27
21.6242 67.6962 19.4564 76.6771 60.0 12.6 -17.97 -175.11
18.3647 67.4746 19.4564 56.754 60.0 12.6 -17.97 -175.11
21.0775 67.1517 276.5798 65.6038 30.0 12.6 1.93 -76.36
21.0775 67.1517 277.1788 62.2467 30.0 12.6 1.13 -77.39
17.7264 66.9529 23.3494 53.6509 48.0 12.6 -23.01 -177.23
23.5642 66.7393 74.6117 43.5491 54.0 12.6 -6.53 129.82
23.5642 66.7393 277.1788 62.5229 48.0 12.6 1.13 -77.39
22.1788 66.5654 23.235 63.3772 49.2 12.6 -19.7 -177.79
22.1788 66.5654 23.235 63.3772 84.0 12.6 -19.7 -177.79
22.1788 66.5654 23.235 79.3772 69.6 12.6 -19.7 -177.79
22.1788 66.5654 75.4922 29.4952 62.4 12.6 6.14 123.17
22.1788 66.5654 24.1377 58.2575 74.4 12.6 -20.46 -178.35
22.1788 66.5654 23.3643 59.4944 74.4 12.6 -18.08 -178.2
22.1788 66.5654 25.7854 55.8769 100.8 12.6 -26.48 -178.3
22.1788 66.5654 74.6529 46.5077 30.0 12.6 0.51 126.62
22.1788 66.5654 74.3245 22.21 37.2 12.6 1.85 126.38
19.6862 66.4298 24.0799 59.16 84.0 12.6 -19.78 -178.44
19.6862 66.4298 24.0799 65.16 54.0 12.6 -19.78 -178.44
19.6862 66.4298 20.1741 69.3338 90.0 12.6 -19.3 -175.46
19.6862 66.4298 25.7854 70.6602 84.0 12.6 -26.48 -178.3
25.0304 66.0406 23.235 61.097 74.4 12.6 -19.7 -177.79
25.0304 66.0406 23.235 53.097 67.2 12.6 -19.7 -177.79
25.0304 66.0406 24.301 70.2307 56.4 12.6 -22.02 -178.16
25.0304 66.0406 81.7605 44.1847 63.6 12.6 -7.28 122.45
25.0304 66.0406 51.2768 1.9931 42.0 12.6 -3.69 152.79
25.0304 66.0406 51.2768 9.9931 38.4 12.6 -3.69 152.79
20.3008 65.9262 23.235 67.2768 69.6 12.6 -19.7 -177.79
20.3008 65.9262 24.1377 62.1609 110.4 12.6 -20.46 -178.35
20.3008 65.9262 23.3643 63.4174 69.6 12.6 -18.08 -178.2
20.3008 65.9262 18.1382 66.2602 60.0 12.6 -18.03 -174.06
20.3008 65.9262 257.0356 -70.2167 51.6 12.6 -30.82 -71.39
20.3008 65.9262 24.301 54.3077 94.8 12.6 -22.02 -178.16
20.9542 65.7356 19.4564 60.4325 72.0 12.6 -17.97 -175.11
20.9542 65.7356 23.235 62.1658 60.0 12.6 -19.7 -177.79
15.8965 65.4823 19.4564 70.1282 72.0 12.6 -17.97 -175.11
15.8965 65.4823 24.0799 76.6831 102.0 12.6 -19.78 -178.44
15.8965 65.4823 24.0799 82.6831 60.0 12.6 -19.78 -178.44
15.8965 65.4823 20.1741 58.7732 72.0 12.6 -19.3 -175.46
15.8965 65.4823 23.3643 60.0592 54.0 12.6 -18.08 -178.2
15.8965 65.4823 18.1382 74.7995 84.0 12.6 -18.03 -174.06
15.8965 65.4823 39.5289 78.6267 66.0 12.6 -14.6 167.38
27.5106 65.4469 74.1156 24.9516 37.2 12.6 1.98 126.55
27.5106 65.4469 18.2726 61.4884 54.0 12.6 -18.07 -174.16
27.5106 65.4469 74.6529 17.4922 52.8 12.6 0.51 126.62
27.5106 65.4469 74.3245 15.16 63.6 12.6 1.85 126.38
19.8452 65.2879 23.235 60.9331 60.0 12.6 -19.7 -177.79
19.8452 65.2879 20.1741 55.8845 76.8 12.6 -19.3 -175.46
19.8452 65.2879 24.1377 71.8285 86.4 12.6 -20.46 -178.35
19.8452 65.2879 25.7854 75.4295 61.2 12.6 -26.48 -178.3
19.8452 65.2879 18.2726 79.9958 81.6 12.6 -18.07 -174.16
19.8452 65.2879 39.69 85.3856 66.0 12.6 -14.84 167.31
21.4977 65.0923 23.235 79.0955 43.2 12.6 -19.7 -177.79
21.4977 65.0923 20.1741 68.0506 79.2 12.6 -19.3 -175.46
21.4977 65.0923 25.7854 67.7567 67.2 12.6 -26.48 -178.3
21.4977 65.0923 24.301 70.1953 58.8 12.6 -22.02 -178.16
18.500999999999998 64.9911 258.8631 -62.443000000000005 36.0 12.6 -26.11 -70.65
13.5813 64.9876 19.4564 45.2646 54.0 12.6 -17.97 -175.11
13.5813 64.9876 24.0799 53.8356 66.0 12.6 -19.78 -178.44
13.5813 64.9876 39.0385 67.4732 36.0 12.6 -17.0 168.53
24.5172 64.4402 24.301 80.3709 64.8 12.6 -22.02 -178.16
16.8178 64.2467 24.0799 58.2674 36.0 12.6 -19.78 -178.44
19.0003 64.1291 52.504 -86.2263 51.6 12.6 -5.52 152.22
19.0003 64.1291 16.8186 69.77600000000001 44.4 12.6 -15.14 -173.41
19.0003 64.1291 50.6127 -12.3087 36.0 12.6 18.51 145.53
10.2317 63.9665 19.4564 51.0545 48.0 12.6 -17.97 -175.11
10.2317 63.9665 23.3494 30.4438 72.0 12.6 -23.01 -177.23
10.2317 63.9665 16.9464 50.7878 54.0 12.6 -15.24 -173.5
10.2317 63.9665 28.6805 39.8712 60.0 12.6 -24.64 179.08
10.2317 63.9665 18.1585 55.9759 54.0 12.6 -15.8 -174.4
10.2317 63.9665 24.0799 65.663 78.0 12.6 -19.78 -178.44
23.0079 63.8265 252.3371 -67.7659 94.8 12.6 -32.72 -67.06
23.0079 63.8265 16.8186 80.865 94.8 12.6 -15.14 -173.41
19.3658 63.5492 19.4564 73.0865 54.0 12.6 -17.97 -175.11
19.3658 63.5492 266.9366 -48.0055 36.0 12.6 -14.59 -73.58
19.3658 63.5492 24.301 72.0868 48.0 12.6 -22.02 -178.16
18.0945 63.4896 18.262999999999998 80.2451 80.4 12.6 -16.45 -174.39
18.0945 63.4896 258.8631 -61.4107 48.0 12.6 -26.11 -70.65
16.3224 63.114 277.1788 -50.1778 48.0 12.6 1.13 -77.39
16.3224 63.114 19.4564 43.2399 42.0 12.6 -17.97 -175.11
16.3224 63.114 18.6674 64.5084 60.0 12.6 -15.19 -174.9
16.3224 63.114 39.5289 88.1376 42.0 12.6 -14.6 167.38
11.6437 63.0441 53.2774 17.7156 78.0 12.6 13.76 144.4
22.4878 62.9381 23.3643 71.2963 43.2 12.6 -18.08 -178.2
22.4878 62.9381 256.7299 -62.3063 54.0 12.6 -31.75 -71.63
18.1489 62.7504 74.6529 21.2345 28.8 12.6 0.51 126.62
18.1489 62.7504 81.7605 52.5601 28.8 12.6 -7.28 122.45
14.9213 62.4494 276.5798 -19.9714 102.0 12.6 1.93 -76.36
14.9213 62.4494 266.3106 -30.5951 60.0 12.6 -10.55 -70.9
17.3793 61.693000000000005 39.0385 87.6165 79.2 12.6 -17.0 168.53
17.3793 61.693000000000005 40.0248 84.6085 70.8 12.6 -16.07 167.39
25.0399 61.0537 74.13600000000001 24.9746 50.4 12.6 1.93 126.55
25.0399 61.0537 74.1156 40.9508 63.6 12.6 1.98 126.55
25.0399 61.0537 73.827 40.4883 57.6 12.6 4.19 125.88
25.0399 61.0537 24.1377 66.523 58.8 12.6 -20.46 -178.35
25.0399 61.0537 74.6529 29.5904 48.0 12.6 0.51 126.62
25.0399 61.0537 74.3245 25.1625 55.2 12.6 1.85 126.38
25.0399 61.0537 73.0574 19.7754 49.2 12.6 3.86 126.87
25.0399 61.0537 16.8186 66.3545 80.4 12.6 -15.14 -173.41
25.0399 61.0537 73.0523 29.7412 64.8 12.6 4.21 126.72
25.0399 61.0537 97.1569 57.7029 62.4 12.6 -5.09 104.47
25.0399 61.0537 24.301 56.9158 68.4 12.6 -22.02 -178.16
25.0399 61.0537 77.6891 16.9309 66.0 12.6 -4.58 125.62
25.0399 61.0537 81.7605 41.0542 49.2 12.6 -7.28 122.45
25.0399 61.0537 72.3097 22.8274 70.8 12.6 6.58 126.48
15.7698 61.0535 50.7529 79.8325 56.4 12.6 -7.23 154.55
15.7698 61.0535 51.2768 -69.7737 68.4 12.6 -3.69 152.79
22.4439 60.4158 16.8186 77.2369 43.2 12.6 -15.14 -173.41
22.4439 60.4158 24.301 71.805 33.6 12.6 -22.02 -178.16
18.5067 67.3801 24.301 53.4825 66.0 12.6 -22.02 -178.16
26.5261 67.4421 24.6836 75.7249 60.0 12.6 -20.84 -178.7
26.5261 67.4421 23.9096 68.9587 42.0 12.6 -19.86 -178.29
26.5261 67.4421 21.614 72.84899999999999 30.0 12.6 -21.19 -176.25
26.5261 67.4421 356.1579 42.3121 60.0 12.6 19.88 -155.93
26.5261 67.4421 25.1359 58.1037 72.0 12.6 -19.51 -179.33
26.5261 67.4421 276.1405 38.4378 60.0 12.6 -2.31 -77.84
26.5261 67.4421 17.7322 63.1731 48.0 12.6 -20.77 -173.34
26.5261 67.4421 73.9991 49.5887 42.0 12.6 -5.92 130.2
26.5261 67.4421 73.4134 29.2668 30.0 12.6 1.88 127.36
26.5261 67.4421 18.5823 62.0284 60.0 12.6 -21.86 -173.82
26.5261 67.4421 19.9567 85.3787 54.0 12.6 -23.05 -174.66
26.5261 67.4421 208.2563 73.3287 30.0 12.6 -60.2 -26.86
26.5261 67.4421 27.676 86.852 60.0 12.6 -29.35 -178.96
26.5261 67.4421 95.7416 47.4809 36.0 12.6 -7.78 107.3
26.5261 67.4421 73.9191 41.5011 30.0 12.6 -6.13 130.38
26.5261 67.4421 95.1315 32.8467 54.0 12.6 -8.02 108.09
26.5261 67.4421 76.4584 42.4249 48.0 12.6 4.08 123.04
26.5261 67.4421 73.9777 21.8583 36.0 12.6 2.52 126.46
26.5261 67.4421 19.0898 78.3558 48.0 12.6 -18.68 -174.71
26.5261 67.4421 19.0898 76.3558 60.0 12.6 -18.68 -174.71
26.5261 67.4421 21.4979 86.6966 54.0 12.6 -20.19 -176.34
26.5261 67.4421 24.3291 67.4028 48.0 12.6 -21.15 -178.36
26.5261 67.4421 73.7641 33.6313 30.0 12.6 2.19 126.84
26.5261 67.4421 276.5798 56.6549 36.0 12.6 1.93 -76.36
26.5261 67.4421 277.1788 51.3121 36.0 12.6 1.13 -77.39
26.5261 67.4421 20.8389 66.0922 60.0 12.6 -20.58 -175.76
26.5261 67.4421 23.3494 66.5574 48.0 12.6 -23.01 -177.23
26.5261 67.4421 84.0347 29.6301 42.0 12.6 -7.26 119.96
26.5261 67.4421 19.5191 68.8544 54.0 12.6 -20.71 -174.72
26.5261 67.4421 28.6805 69.6087 42.0 12.6 -24.64 179.08
26.5261 67.4421 24.0799 71.1164 42.0 12.6 -19.78 -178.44
26.5261 67.4421 23.235 56.3159 60.0 12.6 -19.7 -177.79
26.5261 67.4421 23.235 66.3159 42.0 12.6 -19.7 -177.79
26.5261 67.4421 74.13600000000001 23.9981 30.0 12.6 1.93 126.55
26.5261 67.4421 81.6913 57.2644 42.0 12.6 -7.29 122.53
26.5261 67.4421 24.1377 69.1964 48.0 12.6 -20.46 -178.35
26.5261 67.4421 74.6529 32.4708 36.0 12.6 0.51 126.62
26.5261 67.4421 73.0523 44.9795 72.0 12.6 4.21 126.72
26.5261 67.4421 24.6426 69.6859 42.0 12.6 -20.83 -178.67
26.5261 67.4421 24.301 83.41 48.0 12.6 -22.02 -178.16
26.5261 67.4421 210.273 61.5555 54.0 12.6 -56.2 -26.89
26.5261 67.4421 23.8817 64.932 48.0 12.6 -19.85 -178.27
21.6055 65.508 19.5191 75.4183 84.0 12.6 -20.71 -174.72
21.6055 65.508 28.6805 70.4971 76.8 12.6 -24.64 179.08
21.6055 65.508 18.1585 56.0031 96.0 12.6 -15.8 -174.4
21.6055 65.508 23.235 65.0687 69.6 12.6 -19.7 -177.79
21.6055 65.508 24.1377 73.969 81.6 12.6 -20.46 -178.35
21.6055 65.508 23.3643 61.1754 79.2 12.6 -18.08 -178.2
21.6055 65.508 25.7854 79.6769 88.8 12.6 -26.48 -178.3
8.304 60.68 51.0993 -19.2543 43.2 12.6 24.4 142.59
8.304 60.68 51.2768 -11.4155 58.8 12.6 -3.69 152.79
22.2905 57.6287 39.7359 -80.7852 72.0 12.6 -20.07 168.89
22.2905 57.6287 39.4336 -87.1169 60.0 12.6 -19.96 169.11
22.2905 57.6287 73.4134 -53.7991 30.0 12.6 1.88 127.36
22.2905 57.6287 72.2334 -63.3664 66.0 12.6 5.15 127.2
22.2905 57.6287 39.5155 87.9372 66.0 12.6 -14.46 167.35
22.2905 57.6287 51.2336 -77.9598 72.0 12.6 -4.65 153.17
22.2905 57.6287 40.0486 -77.0715 84.0 12.6 -16.98 167.65
22.2905 57.6287 39.5429 -86.0555 60.0 12.6 -14.34 167.29
22.2905 57.6287 50.7505 -67.4136 36.0 12.6 18.73 145.29
22.2905 57.6287 39.4423 -81.9777 66.0 12.6 -15.38 167.69
22.2905 57.6287 39.7312 -77.7399 102.0 12.6 -15.06 167.34
22.2905 57.6287 39.7563 -75.7074 78.0 12.6 -15.1 167.33
22.2905 57.6287 39.0385 -76.0972 72.0 12.6 -17.0 168.53
22.2905 57.6287 23.3643 83.5934 60.0 12.6 -18.08 -178.2
22.2905 57.6287 39.69 -83.82 78.0 12.6 -14.84 167.31
22.2905 57.6287 297.6717 79.9634 36.0 12.6 15.88 -93.46
22.2905 57.6287 40.0248 -83.2623 66.0 12.6 -16.07 167.39
22.2905 57.6287 39.9975 84.7135 54.0 12.6 -16.09 167.42
22.2905 57.6287 39.5289 -82.0252 66.0 12.6 -14.6 167.38
22.2905 57.6287 51.2934 -81.8812 54.0 12.6 -4.79 153.16
17.258 63.247 84.0347 -48.1092 40.8 12.6 -7.26 119.96
17.258 63.247 75.688 -62.4991 62.4 12.6 -3.8 127.43
17.258 63.247 74.13600000000001 -52.1926 45.6 12.6 1.93 126.55
17.258 63.247 74.6529 -59.6428 54.0 12.6 0.51 126.62
17.258 63.247 77.6891 -64.488 78.0 12.6 -4.58 125.62
17.258 63.247 77.6891 -56.488 73.2 12.6 -4.58 125.62
17.258 63.247 50.6127 -73.8751 70.8 12.6 18.51 145.53
17.258 63.247 81.7605 -74.3642 91.2 12.6 -7.28 122.45
17.258 63.247 81.7605 -66.3642 79.2 12.6 -7.28 122.45
5.702000000000001 58.935 210.2762 -40.1325 116.4 12.6 -56.42 -27.06
5.702000000000001 58.935 39.69 -10.9831 55.2 12.6 -14.84 167.31
5.702000000000001 58.935 51.2768 -21.6118 56.4 12.6 -3.69 152.79
5.702000000000001 58.935 51.2768 -11.6118 94.8 12.6 -3.69 152.79
15.242 67.93 73.7641 31.0765 74.4 12.6 2.19 126.84
15.242 67.93 84.0347 29.0242 57.6 12.6 -7.26 119.96
15.242 67.93 74.1156 39.4235 75.6 12.6 1.98 126.55
15.242 67.93 74.3245 35.6294 80.4 12.6 1.85 126.38
15.242 67.93 77.6891 42.6652 88.8 12.6 -4.58 125.62
15.242 67.93 81.7605 36.6798 64.8 12.6 -7.28 122.45
15.242 67.93 81.7605 38.6798 79.2 12.6 -7.28 122.45
11.1825 59.0345 261.6246 46.4398 38.4 12.6 -20.27 -70.56
26.1506 62.7191 72.9192 38.6251 42.0 12.6 2.87 127.46
26.1506 62.7191 73.5751 43.2135 54.0 12.6 3.8 126.33
26.1506 62.7191 75.1542 57.3437 48.0 12.6 -7.06 129.48
26.1506 62.7191 73.4134 47.1607 42.0 12.6 1.88 127.36
26.1506 62.7191 75.0552 42.4999 54.0 12.6 6.74 123.38
26.1506 62.7191 72.1536 33.8699 42.0 12.6 3.04 128.22
26.1506 62.7191 75.2592 38.7107 48.0 12.6 6.53 123.25
26.1506 62.7191 76.4584 46.0125 42.0 12.6 4.08 123.04
26.1506 62.7191 73.9777 37.6756 42.0 12.6 2.52 126.46
26.1506 62.7191 17.105 69.4429 48.0 12.6 -15.3 -173.62
26.1506 62.7191 68.2575 34.4429 48.0 12.6 -3.18 135.11
26.1506 62.7191 19.4564 64.0822 30.0 12.6 -17.97 -175.11
26.1506 62.7191 16.9464 59.2776 54.0 12.6 -15.24 -173.5
26.1506 62.7191 74.13600000000001 43.8619 42.0 12.6 1.93 126.55
26.1506 62.7191 74.2145 39.9427 48.0 12.6 1.85 126.5
26.1506 62.7191 73.5257 27.2483 36.0 12.6 2.28 127.06
26.1506 62.7191 74.1156 27.8393 48.0 12.6 1.98 126.55
26.1506 62.7191 74.6529 40.4421 42.0 12.6 0.51 126.62
26.1506 62.7191 74.3245 38.0499 42.0 12.6 1.85 126.38
19.575 64.494 19.4564 85.0682 49.2 12.6 -17.97 -175.11
19.575 64.494 20.1741 75.7921 58.8 12.6 -19.3 -175.46
19.575 64.494 50.6127 14.2144 69.6 12.6 18.51 145.53
10.4345 63.4197 74.1156 -78.4961 43.2 12.6 1.98 126.55
11.625 58.032 19.4564 -60.0826 110.4 12.6 -17.97 -175.11
11.625 58.032 50.7505 -28.6107 67.2 12.6 18.73 145.29
11.625 58.032 81.7605 -78.0533 64.8 12.6 -7.28 122.45
24.33 66.08 77.3881 33.1778 54.0 12.6 -6.36 126.76
24.33 66.08 24.3291 67.3315 48.0 12.6 -21.15 -178.36
24.33 66.08 19.4564 56.4945 72.0 12.6 -17.97 -175.11
24.33 66.08 20.8389 81.9367 114.0 12.6 -20.58 -175.76
24.33 66.08 84.0347 55.8118 42.0 12.6 -7.26 119.96
24.33 66.08 19.5191 60.6654 60.0 12.6 -20.71 -174.72
24.33 66.08 28.6805 63.6511 72.0 12.6 -24.64 179.08
24.33 66.08 24.0799 61.0407 36.0 12.6 -19.78 -178.44
24.33 66.08 24.0799 59.0407 66.0 12.6 -19.78 -178.44
24.33 66.08 24.0799 73.0407 54.0 12.6 -19.78 -178.44
24.33 66.08 74.3245 34.2211 48.0 12.6 1.85 126.38
24.33 66.08 24.301 57.3372 54.0 12.6 -22.02 -178.16
24.33 66.08 77.6891 39.5045 48.0 12.6 -4.58 125.62
24.33 66.08 81.7605 29.5342 60.0 12.6 -7.28 122.45
24.33 66.08 81.7605 27.5342 66.0 12.6 -7.28 122.45
24.33 66.08 39.5289 -80.1116 78.0 12.6 -14.6 167.38
18.9077 69.6345 76.6137 12.5866 120.0 12.6 -6.11 127.48
18.9077 69.6345 73.9991 35.911 72.0 12.6 -5.92 130.2
18.9077 69.6345 57.6987 25.2409 108.0 12.6 -6.15 147.26
18.9077 69.6345 73.4134 26.0033 72.0 12.6 1.88 127.36
18.9077 69.6345 78.4857 15.183 84.0 12.6 1.27 122.09
18.9077 69.6345 79.7025 15.6541 88.8 12.6 -7.4 124.74
18.9077 69.6345 72.2334 15.0711 72.0 12.6 5.15 127.2
18.9077 69.6345 72.8409 11.7157 108.0 12.6 5.36 126.44
18.9077 69.6345 75.0373 29.6046 76.8 12.6 1.05 125.96
18.9077 69.6345 85.4312 19.4169 86.4 12.6 -9.13 119.32
18.9077 69.6345 85.4312 17.4169 76.8 12.6 -9.13 119.32
18.9077 69.6345 76.4288 22.9302 74.4 12.6 -0.19 125.0
18.9077 69.6345 209.4336 78.6167 38.4 12.6 -57.37 -26.45
18.9077 69.6345 95.1315 55.5717 67.2 12.6 -8.02 108.09
18.9077 69.6345 28.2004 52.81399999999999 64.8 12.6 -23.31 179.12
18.9077 69.6345 54.4699 15.9936 62.4 12.6 -5.97 150.43
18.9077 69.6345 72.1536 24.8062 84.0 12.6 3.04 128.22
18.9077 69.6345 75.2592 14.3143 87.6 12.6 6.53 123.25
18.9077 69.6345 76.4584 15.3377 67.2 12.6 4.08 123.04
18.9077 69.6345 73.9777 28.641 78.0 12.6 2.52 126.46
18.9077 69.6345 76.9422 24.8336 51.6 12.6 -7.1 127.58
18.9077 69.6345 24.4232 63.4639 63.6 12.6 -20.33 -178.6
18.9077 69.6345 27.5158 68.1286 70.8 12.6 -23.78 179.76
18.9077 69.6345 77.3881 39.361999999999995 60.0 12.6 -6.36 126.76
18.9077 69.6345 210.1284 85.2869 36.0 12.6 -56.45 -26.85
18.9077 69.6345 17.105 52.8174 74.4 12.6 -15.3 -173.62
18.9077 69.6345 21.4979 60.7103 100.8 12.6 -20.19 -176.34
18.9077 69.6345 73.7641 22.3919 84.0 12.6 2.19 126.84
18.9077 69.6345 73.9386 20.4773 76.8 12.6 1.11 127.13
18.9077 69.6345 84.0347 30.1458 73.2 12.6 -7.26 119.96
18.9077 69.6345 19.5191 48.8174 90.0 12.6 -20.71 -174.72
18.9077 69.6345 72.62100000000001 23.5184 67.2 12.6 5.7 126.53
18.9077 69.6345 24.0799 55.1757 73.2 12.6 -19.78 -178.44
18.9077 69.6345 24.0799 59.1757 82.8 12.6 -19.78 -178.44
18.9077 69.6345 74.13600000000001 24.7526 72.0 12.6 1.93 126.55
18.9077 69.6345 74.1156 22.7359 70.8 12.6 1.98 126.55
18.9077 69.6345 81.6913 25.7193 79.2 12.6 -7.29 122.53
18.9077 69.6345 66.5536 30.7593 73.2 12.6 -0.35 135.72
18.9077 69.6345 73.827 26.6313 69.6 12.6 4.19 125.88
18.9077 69.6345 24.1377 49.1851 79.2 12.6 -20.46 -178.35
18.9077 69.6345 74.6529 33.1607 76.8 12.6 0.51 126.62
18.9077 69.6345 74.3245 20.94 82.8 12.6 1.85 126.38
18.9077 69.6345 24.6426 57.6372 58.8 12.6 -20.83 -178.67
18.9077 69.6345 77.6891 23.8358 76.8 12.6 -4.58 125.62
18.9077 69.6345 74.572 45.1459 51.6 12.6 1.29 126.36
18.9077 69.6345 81.7605 19.7918 55.2 12.6 -7.28 122.45
13.607000000000001 60.09 50.7505 -0.9490000000000001 28.8 12.6 18.73 145.29
13.607000000000001 60.09 39.4423 80.2271 24.0 12.6 -15.38 167.69
13.607000000000001 60.09 24.0799 -30.6584 33.6 12.6 -19.78 -178.44
13.607000000000001 60.09 50.6127 -7.0784 48.0 12.6 18.51 145.53
13.607000000000001 60.09 51.4235 9.5134 48.0 12.6 24.99 141.96
13.607000000000001 60.09 81.7605 41.1286 34.8 12.6 -7.28 122.45
20.6779 63.8829 18.1585 83.3097 96.0 12.6 -15.8 -174.4
20.6779 63.8829 266.9366 -46.751000000000005 42.0 12.6 -14.59 -73.58
20.6779 63.8829 256.7299 -69.3028 62.4 12.6 -31.75 -71.63
20.6779 63.8829 16.8186 53.9408 46.8 12.6 -15.14 -173.41
17.627 59.858000000000004 266.9366 -50.4196 40.8 12.6 -14.59 -73.58
29.76 70.08 51.2934 -2.3588 52.8 12.6 -4.79 153.16
22.6715 63.0422 270.5946 -49.3304 45.6 12.6 -7.93 -74.38
22.6715 63.0422 276.1405 -47.6494 48.0 12.6 -2.31 -77.84
22.6715 63.0422 76.6137 29.4939 31.2 12.6 -6.11 127.48
22.6715 63.0422 54.8258 5.297000000000001 40.8 12.6 12.52 143.18
22.6715 63.0422 75.1542 22.107 25.2 12.6 -7.06 129.48
22.6715 63.0422 264.6601 -33.512 44.4 12.6 -15.99 -71.75
22.6715 63.0422 73.9991 18.926 31.2 12.6 -5.92 130.2
22.6715 63.0422 270.7198 -47.1957 52.8 12.6 -7.64 -74.38
22.6715 63.0422 263.9153 -42.2058 40.8 12.6 -15.04 -70.44
22.6715 63.0422 263.7093 -72.4122 84.0 12.6 -15.12 -70.25
22.6715 63.0422 75.0552 13.4242 46.8 12.6 6.74 123.38
22.6715 63.0422 16.6044 68.4704 50.4 12.6 -15.27 -173.22
22.6715 63.0422 258.6568 -39.7039 67.2 12.6 -22.15 -68.2
22.6715 63.0422 76.4584 22.9129 34.8 12.6 4.08 123.04
22.6715 63.0422 262.1737 -50.0101 48.0 12.6 -17.08 -69.52
22.6715 63.0422 270.8558 -55.0614 34.8 12.6 -7.64 -74.53
22.6715 63.0422 77.3881 8.2627 38.4 12.6 -6.36 126.76
22.6715 63.0422 259.0002 -79.0604 49.2 12.6 -15.36 -65.09
22.6715 63.0422 19.0898 77.1888 43.2 12.6 -18.68 -174.71
22.6715 63.0422 75.05 21.5239 48.0 12.6 4.23 124.52
22.6715 63.0422 19.4564 73.5185 57.6 12.6 -17.97 -175.11
22.6715 63.0422 50.7505 9.0226 33.6 12.6 18.73 145.29
22.6715 63.0422 18.1585 68.0773 48.0 12.6 -15.8 -174.4
22.6715 63.0422 23.3643 81.4842 50.4 12.6 -18.08 -178.2
22.6715 63.0422 24.301 -87.3065 57.6 12.6 -22.02 -178.16
22.6715 63.0422 50.6127 -5.1037 42.0 12.6 18.51 145.53
18.2492 64.4968 38.5341 -81.313 91.2 12.6 -21.5 170.35
18.2492 64.4968 38.5341 -85.31299999999999 56.4 12.6 -21.5 170.35
18.2492 64.4968 24.0799 88.0307 54.0 12.6 -19.78 -178.44
18.2492 64.4968 24.0799 88.0307 50.4 12.6 -19.78 -178.44
18.2492 64.4968 50.7529 9.1257 51.6 12.6 -7.23 154.55
18.2492 64.4968 20.1741 46.0771 62.4 12.6 -19.3 -175.46
18.2492 64.4968 23.3243 67.195 100.8 12.6 -23.56 -177.1
12.0727 58.4921 39.5429 -26.795 54.0 12.6 -14.34 167.29
12.0727 58.4921 50.7505 -18.2401 68.4 12.6 18.73 145.29
12.0727 58.4921 51.0993 -20.1358 88.8 12.6 24.4 142.59
12.0727 58.4921 40.0776 -18.2054 56.4 12.6 -14.35 166.82
12.0727 58.4921 210.273 -16.4626 70.8 12.6 -56.2 -26.89
12.0727 58.4921 50.6127 -10.3669 90.0 12.6 18.51 145.53
12.0727 58.4921 51.4235 -13.8466 85.2 12.6 24.99 141.96
16.6992 58.5017 24.0799 72.3512 50.4 12.6 -19.78 -178.44
16.6992 58.5017 50.7529 -88.1394 55.2 12.6 -7.23 154.55
16.6992 58.5017 39.69 79.0705 36.0 12.6 -14.84 167.31
16.6992 58.5017 40.2776 87.6292 43.2 12.6 -14.11 166.57
16.6992 58.5017 39.9975 73.5125 45.6 12.6 -16.09 167.42
16.6992 58.5017 39.5289 70.8778 50.4 12.6 -14.6 167.38
27.555 60.5388 356.1579 47.323 84.0 12.6 19.88 -155.93
27.555 60.5388 39.6157 11.1823 18.0 12.6 -19.94 168.95
27.555 60.5388 54.8258 11.6859 54.0 12.6 12.52 143.18
27.555 60.5388 73.4134 22.5271 48.0 12.6 1.88 127.36
27.555 60.5388 38.5302 1.9107 84.0 12.6 -18.66 169.47
27.555 60.5388 57.8948 26.5668 54.0 12.6 -5.5 146.81
27.555 60.5388 51.2336 22.1231 60.0 12.6 -4.65 153.17
27.555 60.5388 24.3291 88.3965 30.0 12.6 -21.15 -178.36
27.555 60.5388 68.2575 38.1372 42.0 12.6 -3.18 135.11
27.555 60.5388 38.5341 4.427 60.0 12.6 -21.5 170.35
27.555 60.5388 28.6805 -14.5457 42.0 12.6 -24.64 179.08
27.555 60.5388 23.235 3.0249 78.0 12.6 -19.7 -177.79
27.555 60.5388 39.0385 18.1232 78.0 12.6 -17.0 168.53
27.555 60.5388 23.3643 72.8675 42.0 12.6 -18.08 -178.2
27.555 60.5388 297.6717 84.4786 48.0 12.6 15.88 -93.46
27.555 60.5388 51.2934 18.1969 48.0 12.6 -4.79 153.16
16.012999999999998 64.4314 24.0799 51.1604 70.8 12.6 -19.78 -178.44
29.609 67.748 28.4645 -88.9616 60.0 12.6 -25.77 179.53
29.609 67.748 76.6137 19.0262 66.0 12.6 -6.11 127.48
29.609 67.748 75.1542 31.5278 78.0 12.6 -7.06 129.48
29.609 67.748 17.7322 72.8202 60.0 12.6 -20.77 -173.34
29.609 67.748 57.6987 22.3063 60.0 12.6 -6.15 147.26
29.609 67.748 57.6987 16.3063 84.0 12.6 -6.15 147.26
29.609 67.748 73.4134 22.1136 48.0 12.6 1.88 127.36
29.609 67.748 19.9567 89.0537 84.0 12.6 -23.05 -174.66
29.609 67.748 72.2334 19.0341 72.0 12.6 5.15 127.2
29.609 67.748 208.2563 83.4117 66.0 12.6 -60.2 -26.86
29.609 67.748 75.0552 33.9576 42.0 12.6 6.74 123.38
29.609 67.748 73.9777 64.7067 78.0 12.6 2.52 126.46
29.609 67.748 51.2336 28.013 60.0 12.6 -4.65 153.17
29.609 67.748 24.3291 -89.0455 36.0 12.6 -21.15 -178.36
29.609 67.748 73.7641 20.4789 66.0 12.6 2.19 126.84
29.609 67.748 19.5191 62.4723 54.0 12.6 -20.71 -174.72
29.609 67.748 74.1156 24.8264 54.0 12.6 1.98 126.55
29.609 67.748 81.6913 22.0734 84.0 12.6 -7.29 122.53
29.609 67.748 74.6529 47.3145 66.0 12.6 0.51 126.62
29.609 67.748 74.3245 37.0327 48.0 12.6 1.85 126.38
29.609 67.748 39.69 15.039000000000001 54.0 12.6 -14.84 167.31
29.609 67.748 39.69 15.039000000000001 60.0 12.6 -14.84 167.31
29.609 67.748 77.6891 44.1695 54.0 12.6 -4.58 125.62
29.609 67.748 81.7605 42.1436 48.0 12.6 -7.28 122.45
29.609 67.748 51.2768 12.0568 66.0 12.6 -3.69 152.79
29.609 67.748 51.2768 32.0568 72.0 12.6 -3.69 152.79
29.609 67.748 51.2768 26.0568 60.0 12.6 -3.69 152.79
29.609 67.748 93.7483 58.4458 60.0 12.6 -4.92 108.16
29.609 67.748 78.9021 39.6077 48.0 12.6 0.4 122.03
16.5363 57.66 39.69 85.3444 58.8 12.6 -14.84 167.31
16.5363 57.66 297.6717 -16.8548 50.4 12.6 15.88 -93.46
16.5363 57.66 85.5592 -63.7238 51.6 12.6 -9.59 119.4
16.5363 57.66 81.7605 -77.6386 102.0 12.6 -7.28 122.45
16.5363 57.66 51.2768 -75.7876 44.4 12.6 -3.69 152.79
14.9391 56.9212 73.7641 -69.766 51.6 12.6 2.19 126.84
14.9391 56.9212 276.5798 -39.8582 56.4 12.6 1.93 -76.36
14.9391 56.9212 84.0347 -80.6908 82.8 12.6 -7.26 119.96
14.9391 56.9212 39.806 85.8071 49.2 12.6 -13.58 166.83
14.9391 56.9212 75.4922 -80.6656 69.6 12.6 6.14 123.17
14.9391 56.9212 39.0385 -26.6885 84.0 12.6 -17.0 168.53
