-25.33	-56.04	7.9934	47.673
-72.03	-33.61	7.4389	47.985
141.22	-2.39	9.0533	48.642
-71.55	-31.63	7.401	47.986
-26.55	-56.66	7.9917	47.684
-71.94	-31.4	7.3983	47.991
-70.91	-26.79	7.3049	47.995
-76.55	-11.61	7.0425	48.149
-66.64	-23.22	7.217	47.956
127.22	1.55	9.305	48.606
-51.52	-53.65	7.8066	47.81
-66	-22.39	7.1969	47.951
-69.39	-13.31	7.0337	48.043
104.24	-5.05	9.5944	48.339
119.56	13.07	9.5757	48.699
-63.17	-28.3	7.3281	47.905
-63.06	-28.5	7.3337	47.904
-67.56	-13.83	7.0328	48.014
113.54	-10.41	9.3794	48.38
-63.38	-26.65	7.2935	47.911
-69.65	-17.5	7.1055	48.019
125.36	12.38	9.4471	48.727
126.04	11.77	9.4273	48.723
125.31	12.62	9.4508	48.73
153.95	-3.98	8.8492	48.676
-28.9	-55.9	7.9643	47.689
-78.7	-10.53	7.0459	48.185
-71.5	-28.96	7.3495	47.994
119.98	0.72	9.4192	48.546
126.1	1.73	9.3243	48.6
-70.09	-23.94	7.2434	47.995
8.8	-53.77	8.3357	47.555
145.63	18.73	9.0926	48.901
120.25	1.02	9.4182	48.552
120.45	1	9.4144	48.553
126.29	9.6	9.4006	48.696
-65.72	-22	7.1873	47.948
-76.28	-14.49	7.0969	48.124
144.9	13.99	9.0831	48.839
-71.87	-30.06	7.3718	47.994
125.78	9.79	9.4099	48.695
-71.22	-30.93	7.3866	47.984
129.02	-6.74	9.1987	48.53
-68.79	-13.74	7.0379	48.032
-72.07	-12.03	6.9974	48.083
-71.41	-30.99	7.3879	47.986
41.39	-43.4	8.8401	47.538
-71.29	-32.31	7.4126	47.981
126.41	3.84	9.3417	48.627
-71.4	-16.12	7.0888	48.05
124.89	-2.07	9.3088	48.551
-72.66	-16.66	7.1105	48.064
126.64	5.51	9.3535	48.648
-67.28	-20.93	7.1694	47.972
-26.58	-56.12	7.9847	47.679
-69.17	-18.9	7.1325	48.005
-97.32	-36.21	7.6099	48.187
119.74	15.77	9.6062	48.74
119.48	16.09	9.6157	48.743
128.49	-7.32	9.2029	48.522
-62.99	-28.31	7.3296	47.904
-62.94	-28.38	7.331	47.903
-66.45	-23.55	7.2225	47.952
123.16	-4.3	9.313	48.516
-70.09	-33.88	7.4397	47.965
-45.97	-53.02	7.8175	47.77
-29.88	-55.63	7.9533	47.691
-73.11	-32.67	7.4256	47.998
-104.47	-4.07	7.313	48.504
-66.25	-19.52	7.1338	47.964
-65.71	-17	7.0582	47.962
-73.99	-16.09	7.109	48.085
-69.25	-19.45	7.1415	48.003
-68.33	-21.66	7.1877	47.982
144.62	13.09	9.084	48.827
-71.12	-30.81	7.3838	47.984
142.68	-3.31	9.0262	48.64
142.77	-3.28	9.025	48.641
-36.4	-56.05	7.9157	47.729
-24.83	-56.95	8.0084	47.679
-24.98	-57.09	8.0089	47.68
35.06	-46.05	8.7252	47.525
127.3	1.69	9.3045	48.608
32.27	-48.21	8.6642	47.537
-71.64	-30.61	7.3816	47.99
146.15	-3.33	8.9737	48.655
152.17	-3.83	8.8808	48.674
149.69	-1.53	8.9283	48.687
-106.04	-4.62	7.3428	48.51
-73.41	-37.69	7.515	47.986
-70.39	-34.93	7.4575	47.964
-25.34	-57.98	8.0174	47.691
28.02	-52.51	8.5707	47.574
120.53	13.93	9.5618	48.717
-24.68	-57.07	8.011	47.679
-63.47	-24.98	7.2581	47.915
-67	-24.22	7.2387	47.957
-27.08	-56.29	7.9836	47.684
-69.2	-19.99	7.1562	48.001
-97.26	-36.31	7.6108	48.185
-76.4	-5.68	6.9131	48.194
-67.89	-22.32	7.2013	47.975
127.21	-3.6	9.2578	48.551
-72	-29.77	7.367	47.996
-70.96	-27.01	7.3092	47.994
-71.06	-27.21	7.3132	47.995
124.71	-0.14	9.331	48.571
123.19	-0.39	9.3537	48.558
-72.54	-28.72	7.35	48.006
-67.03	-24.41	7.2426	47.957
-67.18	-31.75	7.3915	47.939
-155.93	19.88	8.0532	48.973
-63.22	-26.04	7.2791	47.909
126.98	-1.03	9.2863	48.577
-29.14	-55.24	7.9533	47.684
-74.38	-7.93	6.9378	48.147
-65.78	-22.15	7.1913	47.949
127.46	2.87	9.3146	48.623
-76.13	-14.28	7.0911	48.124
127.38	6.13	9.3469	48.66
-66.32	-22.64	7.2029	47.954
-70.55	-23.2	7.2297	48.004
-70.04	-20.17	7.1629	48.01
-68.39	-21.35	7.1813	47.984
-68.96	-20.04	7.156	47.997
-22.1	-58.22	8.0446	47.679
-71.75	-15.99	7.0885	48.055
-74.38	-7.64	6.9315	48.149
-63.22	-26.74	7.2952	47.909
122.09	1.27	9.39	48.568
-26.86	-60.2	8.0329	47.716
126.44	5.36	9.3555	48.645
130.38	-6.13	9.1862	48.545
-66.64	-22.97	7.211	47.957
-68.33	-22.23	7.1995	47.98
125	-0.19	9.326	48.572
-68.2	-22.15	7.1974	47.979
-25.74	-56.41	7.9949	47.678
-73.35	-38.37	7.5268	47.983
-73.12	-36.47	7.4932	47.987
-69.34	-18.04	7.1137	48.011
-27.06	-56.42	7.9853	47.685
-73.69	-37.58	7.5139	47.989
-68.23	-21.7	7.1881	47.981
-74.53	-7.64	6.933	48.152
-26.85	-56.45	7.9872	47.684
126.91	-0.95	9.2881	48.577
-65.09	-15.36	7.0439	47.968
-70.92	-27.9	7.3267	47.991
-65.31	-57.68	7.8435	47.901
-69.57	-17.64	7.1059	48.016
-63.09	-28.04	7.3229	47.905
128.43	2.64	9.2958	48.626
-80.88	-5.57	6.9724	48.255
-70.63	-19.92	7.161	48.019
-28.45	-55.51	7.9622	47.683
123.17	6.14	9.3988	48.626
121.5	8.6	9.4827	48.652
-67.06	-32.72	7.4116	47.936
-66.6	-23.12	7.2129	47.955
-69.15	-18.38	7.1201	48.007
-73.82	-36.33	7.4928	47.994
-71.71	-31.54	7.3998	47.988
-72.24	-32.41	7.4169	47.99
-72.09	-32.33	7.4149	47.989
-71.55	-30.91	7.3871	47.988
-70.9	-10.55	6.9867	48.083
117.62	3.63	9.4965	48.561
126.87	3.86	9.3339	48.63
-27.23	-55.62	7.9729	47.677
-70.65	-26.11	7.2916	47.995
-66	-22.33	7.1946	47.95
-26.56	-56.6	7.9915	47.685
138.93	29.97	9.2855	49.044
124.24	13.27	9.4772	48.732
120.25	1.02	9.4182	48.552
-71.22	-30.74	7.3826	47.985
119.58	0.21	9.4199	48.537
112.41	-8.19	9.4203	48.39
126.64	5.51	9.3535	48.648
123.57	-1.11	9.3399	48.552
101.9	-4.61	9.6382	48.317
140.46	26.27	9.2314	48.989
151.87	-5.59	8.878	48.656
110.18	-7.87	9.4565	48.373
122.87	0	9.3593	48.559
124.25	6.03	9.4023	48.639
138.97	29.28	9.2798	49.032
141.97	30.99	9.2413	49.082
126.1	0.44	9.3142	48.587
103.98	-2.43	9.613	48.363
123.34	5.29	9.392	48.618
107.68	-5.93	9.5158	48.367
35.14	-45.83	8.729	47.523
107.3	-7.78	9.5029	48.345
99.87	-0.72	9.7445	48.333
101.5	-2.52	9.6843	48.334
123.38	6.74	9.4011	48.635
122.37	4.08	9.3941	48.597
123.47	6.49	9.3986	48.633
123.25	6.53	9.4009	48.631
113.93	-10.71	9.3704	48.38
149.71	-6.03	8.9073	48.643
34.78	-46.05	8.7217	47.524
155.02	-6.86	8.8271	48.655
102.18	-2.65	9.6641	48.341
131.26	-0.63	9.2207	48.607
-72.11	-29.44	7.3615	47.999
100.57	-2.21	9.7045	48.326
145.53	18.51	9.0926	48.897
152.79	-3.69	8.8657	48.674
